site,A,C,D,E,F,G,H,I,K,L,M,N,P,Q,R,S,T,V,W,Y
1,0.0055947439823656655,0.01705129910661363,0.04459279717866479,0.036121324268493814,0.011523099424294818,0.012747201627231846,0.005202060805911776,0.44099119614197463,0.008059482265906645,0.031028530596032965,0.1641519664268797,0.019586203634924138,0.0024621141110899697,0.00463878494900539,0.004765463347372598,0.005663254267673055,0.06052485242113389,0.08244011942251563,0.03471527107251441,0.00814023494940064
2,0.0085011242020436,0.006724791598806469,0.030302121346487014,0.013971795408795503,0.0282772362812254,0.04684762301876044,0.0219571749309579,0.024151064761061953,0.03921233950399827,0.013681296156381938,0.1130446344823863,0.010868766786140426,0.004337699279459003,0.009235688814501068,0.49287547508650387,0.03745312318677722,0.004992617036192263,0.015015011789432672,0.05095914418819102,0.027591272141897764
3,0.006089901640070583,0.6460101702021351,0.03129274875509651,0.016869076453887077,0.007165895620272407,0.018966332696959194,0.024017718569995117,0.028402042239322366,0.011615900882762395,0.010758649441211646,0.008437514476893478,0.029054628277562777,0.002327098748398416,0.034093299609313225,0.01267935845612041,0.012692435331135715,0.014877013539077928,0.011010843398650987,0.02985280468243943,0.04378656697869514
4,0.015228715723456954,0.022452425216315,0.039208348719416815,0.029335640290358105,0.013303064813595219,0.007380177405809981,0.0075346184115180565,0.37707251517568086,0.015903365686472215,0.012170940974004936,0.04231760364228092,0.03602958243818297,0.004290821685022806,0.007082948652634505,0.0024333984676138554,0.016130404266454533,0.010736565687051051,0.277964038969271,0.04345146348233458,0.01997336029252566
5,0.005833107213214433,0.016511456840373903,0.014317045152411946,0.06186385125589152,0.02621704352215901,0.7193916528693861,0.011077653771827074,0.0058062273309541414,0.020499490577465626,0.0038377778234503245,0.00806663826463936,0.009182194845553856,0.0021646055046747434,0.011153108634531955,0.0100211875603702,0.00740565923180334,0.004558541222534454,0.028311379920034158,0.02542251176580932,0.008358866692914519
6,0.030198603349037415,0.00853570756450977,0.008343952262381141,0.019954412065128168,0.016085540744862924,0.0034076692120110588,0.009929695948755759,0.28583550444222955,0.008876740769998451,0.015333139623372136,0.014755802380053041,0.01437173871769981,0.002241157315321632,0.018410217511158712,0.0027262192581428858,0.002588920750021471,0.00326148747702683,0.4847282251207354,0.04226861258775949,0.00814665289979438
7,0.3057751675623958,0.010849432892702047,0.04999485331416049,0.02568722349057488,0.011301997170406163,0.015325277324360089,0.0062520307278873125,0.008233616563456047,0.005547834857605076,0.07258734562066801,0.008557566322412379,0.020326496624455178,0.06299486239306153,0.08209486209158526,0.004469866225207157,0.25780985365184145,0.001879363899165402,0.0074114644706553875,0.03784444294540765,0.005056441851992654
8,0.013543345230304968,0.008614571303914994,0.022715598583698454,0.03323741436204756,0.02394594554961979,0.006976661662060451,0.007499812522825799,0.011347020551287513,0.024417603882896228,0.004258997362921662,0.029876192524173645,0.663290383071762,0.003495439572959843,0.02447233121147451,0.004910338075624919,0.011224193759797527,0.005843131150180105,0.006773745614097945,0.04327375733570305,0.05028351667264896
9,0.03342202972260986,0.0162565788547855,0.0389949583659697,0.017280385677480792,0.017716438339283786,0.04935094291534697,0.013966104793111543,0.025037277685002943,0.030787455414007167,0.004465827976110815,0.028672697977150528,0.019702516496790955,0.004750130025502372,0.035656802385040015,0.6006399292882554,0.006776576385174041,0.010537125555398296,0.008340506850751333,0.02402863432417257,0.013617080968055478
10,0.005089377881162058,0.011559948787494355,0.7817303789595317,0.01964890042227095,0.005705290301145093,0.005262164091275004,0.013304106601588032,0.009697606212209008,0.00472434305672876,0.003844038722460104,0.02515016085002784,0.04564644005345985,0.0030019096232506456,0.007025942483262786,0.002316111207752723,0.0026997195462218136,0.0028267591123167075,0.014466138894122347,0.01125840561351242,0.025042257580207856
11,0.010725694241153003,0.05042986696523979,0.02129185139392192,0.03172616518584443,0.6163272085314789,0.005575717566391633,0.018849375800251953,0.02404166518155695,0.008323322235247822,0.02224579549316807,0.0390166133349836,0.012221917727297301,0.004861461675593701,0.013882072707444085,0.008681108370726654,0.025182123602023238,0.004313585828356837,0.021387442031740683,0.03755111958298983,0.023365892544589484
12,0.0404452080498043,0.02877696771416958,0.009242266476708401,0.035308985127608584,0.015806800379532814,0.012829473187647341,0.013870438635523485,0.2879198541529296,0.007266116719358905,0.0012592465712351348,0.0979456090448369,0.007649287378845706,0.0034471924952895376,0.018506722106498397,0.0033883252107963593,0.0033789682627771286,0.0033840062508616363,0.3813276270118529,0.01528809710739416,0.012958808116329181
13,0.00877826426765827,0.03165051830384874,0.011880072552122405,0.6392334534801893,0.011955551262024933,0.024202555594356367,0.01077344347027678,0.00597021403260064,0.009292445361507072,0.005490534269355295,0.04749957679646479,0.01994315364215561,0.004066379201538337,0.0520667199546951,0.003585407228283214,0.009143142064944269,0.008743885412142863,0.03945217672504795,0.04068719829177326,0.015585308089014715
14,0.004768721066586844,0.03041772040369326,0.017756924699851347,0.01966627339935339,0.031856042182857314,0.5959195934119104,0.009343372867309283,0.025389740147920725,0.041091740112457344,0.008314385138226589,0.04258808929286,0.015429785387444252,0.005537193756236972,0.05203077771341014,0.004630401466879411,0.010816579661237865,0.016291768606128493,0.022174303241442546,0.022825057781583315,0.023151529662610592
15,0.011519174341258641,0.03073521624257037,0.01026949364650958,0.009365701612749569,0.10376540887151746,0.008095153781672854,0.013337617965677387,0.1193284062977863,0.011173927172226117,0.02045326201718264,0.3933069060023861,0.017159631054728508,0.002334818519073697,0.0070241095358043164,0.0023929905662054625,0.003526535394936974,0.01643046210611675,0.0596935965307857,0.06405919977879154,0.09602838856202005
16,0.01186128303471132,0.013701578368627938,0.015799427215094464,0.009685342088035984,0.006874904025054638,0.004603972665645805,0.017718489814661877,0.004947528135299529,0.01502582103524853,0.009780498892192298,0.03597394159732585,0.029134391351929037,0.0072498723584470785,0.011986796841515828,0.00422920757647786,0.676552360479898,0.09866976790954592,0.005239485340183529,0.00921552904575022,0.0117498022243544
17,0.006040627036845186,0.011222623755379555,0.05441112977385644,0.009485207467731568,0.008263115456961546,0.7640195635780956,0.009642632862191261,0.007185517167875311,0.00920343540441876,0.003829127258777818,0.025909849454204527,0.010345734028182275,0.004026212896877624,0.024002295491202846,0.0030809472375334344,0.006647555785919454,0.005832065783587955,0.008080105342151169,0.008958100852695638,0.019814153365512076
18,0.46146759047397307,0.016939628962060777,0.011346515943103054,0.007489364311843724,0.006116370765826144,0.36117572291130895,0.010277478861617036,0.004481483279462064,0.010411645290045507,0.005348556035442467,0.006772066788260813,0.011079478778650155,0.0041996085174405475,0.011751671190700091,0.0036414399177191327,0.0040870477315321195,0.004451848045366071,0.025425096957231715,0.023650626515947237,0.009886758722469352
19,0.03700958534195912,0.01609248334069262,0.029800703593358537,0.02378863135977406,0.011752680210810827,0.009044291247008505,0.012488874116396065,0.14791476352400587,0.03207310757271495,0.004079593233987614,0.027382703480540716,0.027469452479937116,0.0022631846594443027,0.019984305972346836,0.007859112801906081,0.009960738786738355,0.5295534176447637,0.006139003109625832,0.03954250502063118,0.005800862503357692
20,0.006301846012767968,0.027622496654546105,0.014481314087564706,0.011561955804280327,0.014044782337510187,0.007750859485906254,0.024303037001390474,0.015266969751684808,0.019302329820418095,0.0159287868120712,0.016195004914793337,0.0177856116612385,0.0036204105945564684,0.02068004250506708,0.021728330099448304,0.003401379920302603,0.0055901683838651805,0.004856233745794107,0.7390295716719159,0.010548868734878362
21,0.014069027810656892,0.01355226420649214,0.00628177259670363,0.007081954239244018,0.019097297188776497,0.006501614879213026,0.004997253997962298,0.03985015870011743,0.021362659076529296,0.2663077729947509,0.07598408331458825,0.018047194078137953,0.0017932117274467004,0.006050020409328966,0.003977377388014621,0.007900745216841752,0.010222849641874154,0.45204866604764754,0.021009187503423607,0.0038648889822503504
22,0.010334823119953415,0.02656696678099662,0.7181992242621065,0.03646711291188522,0.015586813772432248,0.011162047158996824,0.008311987164064257,0.0057316212175028206,0.012251375063553855,0.010967401372176572,0.027545009618074268,0.011032265989418852,0.011601656956108913,0.025214999498202974,0.007770390896077481,0.009693906945765562,0.011228171070891307,0.006919727171323205,0.018986955333344234,0.014427543697125012
23,0.018034051987683045,0.0077021018885697744,0.02492501775557961,0.013754981095527878,0.029204755464875946,0.012931304769548683,0.02940483521386779,0.08346852217053095,0.024808664817988647,0.013113968874310118,0.031222366404842227,0.027248693096448322,0.007923426137031684,0.040616991736353525,0.0038496537265304766,0.005314558611760829,0.007935411160369284,0.5815047425541621,0.024618353322559593,0.012417599211459504
24,0.019093276026093058,0.03972739189483791,0.009129122999141063,0.022869385414827966,0.03600696050340092,0.011446866931941663,0.0384062677125254,0.020587749808935144,0.03892945714678342,0.017261860780883487,0.025699855484735894,0.0037106827111092456,0.01875264209411878,0.03699505693867369,0.011468815059049944,0.011133292880749,0.01971033716897795,0.5646384495812905,0.03682368743081496,0.01760884143110999
25,0.008228482920907849,0.013384223389669065,0.007985862378758984,0.010668226650265547,0.035854940111080626,0.00649378174261346,0.034492952858344576,0.02587312858396864,0.021671205692428964,0.6473099450266171,0.030683447614658844,0.03109164904150316,0.0028547810579101535,0.014174565767812852,0.0031750238902097626,0.019923181108418248,0.014324478852288155,0.028344912487959804,0.014694707019195988,0.028770503805388217
26,0.006352783734510842,0.02166287422631396,0.01519582902315554,0.6466837497355278,0.02048209295713677,0.021465927169707275,0.010796283455382388,0.018407836979785226,0.04054002974776951,0.0045154253700812955,0.033966948352272534,0.00725236388816314,0.002755117798193424,0.025460978158235906,0.01012790220156175,0.0061799674913521774,0.007084174243832413,0.05020327296765175,0.03234163173236095,0.018524810767005472
27,0.04150994067270275,0.004299885330512244,0.007220761206228548,0.016486254659363413,0.044468409964611454,0.0050401508218964365,0.1735218795669572,0.15434743901996148,0.01502798029312498,0.028909033643643393,0.05410571027841845,0.008143778858980549,0.033258693931959855,0.015633579666435946,0.017814989909234417,0.09294365019420435,0.12369976814135852,0.07495513166819087,0.0415843251291168,0.047028637043098356
28,0.03893021406007532,0.008680326865909893,0.01640509240995568,0.03351356181831825,0.0068558317330438,0.6585444876797448,0.01317576707744269,0.007675298137082622,0.019205035825785515,0.004633393820444512,0.0202770458539411,0.010681300017285397,0.00196678085772899,0.016170530339046255,0.016064228559953677,0.02533095725715164,0.06567443802342847,0.010038054628297838,0.014177429626715164,0.012000225408648445
29,0.10092579891362362,0.11477488708674052,0.0009425414041102939,0.00014713451984164124,0.0031973487785420807,0.013143722836568781,0.00033585417885342606,0.0015494403481714904,0.0011866141809957144,0.47742533391902187,0.0033394122285311254,0.12261451028002407,0.00013058745467102884,0.06151816817433664,0.0001360353575641109,0.03732602095606189,0.04246594878510094,0.008069738858100764,0.008235385225456384,0.002535516513683658
30,0.008719293497724385,0.6855759489544359,0.03686181745167379,0.023175424158903966,0.02512925846129516,0.007701490788059577,0.009605661036004564,0.01125004678617883,0.014419756544990914,0.0037768217571623693,0.010384893397357663,0.014700594855485182,0.0061428119182713875,0.021449583074124205,0.021920374026037994,0.0284367184847888,0.007558955266036307,0.017134426817380425,0.01749590096083536,0.028560221763253374
31,0.030898245902485223,0.013817616370699207,0.010890134507359704,0.017063130765834673,0.017425547572853698,0.0025054408506950438,0.007305319799299741,0.02780555379743438,0.012649057105018686,0.03714313071655797,0.02055296213251586,0.010492563155967522,0.001375859785605547,0.018887158071399106,0.004623271739509337,0.004820322595577534,0.11487246671966754,0.6224288775135456,0.015438696278753779,0.009004644619219898
32,0.02803106482367698,0.007640480300286012,0.005745063325646868,0.021834015295208772,0.013102259953173725,0.00607928258746133,0.004486977707583778,0.016850715151219792,0.007240431515570743,0.0027442571371359206,0.023238770376702345,0.015264349196802283,0.0028719598704026817,0.006822822281754753,0.0033023761809518647,0.2329716116599534,0.5605188839021324,0.006644509464441481,0.02196581070324287,0.01264435856665195
33,0.02078941947816441,0.020229939697668873,0.03280734609525213,0.008330457139312646,0.015146477749269045,0.008158898382320026,0.024894249144740758,0.0775112125133476,0.01651154341816989,0.10313579486721405,0.04655407623123851,0.01977508269122071,0.0068782834216286615,0.01250543285953418,0.005962801827534659,0.005049912821701543,0.008007471315278653,0.5472328592046906,0.006524106635654598,0.013994634506058534
34,0.010122396829969,0.0235326582184352,0.025212130680241043,0.0147873109651071,0.03670685079152728,0.004826609575454711,0.03988457835236131,0.03271057444567107,0.0212431143930789,0.05973496023344992,0.5605134884333551,0.015553497307371444,0.012726194642851067,0.004930922944576691,0.026227704554400277,0.005058016794368281,0.03622799894708575,0.011845459406086065,0.03353171416995539,0.02462381831465438
35,0.32142726168575325,0.033490486471364024,0.014824716382893314,0.008574551203014957,0.0037154905151494675,0.0047620673181552175,0.012689810367130343,0.005006215422935973,0.02864516868409862,0.0032994534835210578,0.025629106182935804,0.02435178996418325,0.01360374240458081,0.016936705358054926,0.002468396907519278,0.38597834950643395,0.010077954478067168,0.018302872806115464,0.0533856010095188,0.012830259848574293
36,0.07139464357051209,0.010271062275889156,0.0162363679465979,0.04777623411492775,0.011957027612372686,0.0018132736674990174,0.0354390246155924,0.03754266971809161,0.00336363702279006,0.00847702320896399,0.014994898005680823,0.03550613405134701,0.024295932356432338,0.0910034119168067,0.008136992064855368,0.1154026643086697,0.4413666419408991,0.012873931995075267,0.010323372067275776,0.0018250575397213062
37,0.099931222967615,0.008087236254456105,0.04875775685218997,0.03392517669808876,0.004151191090434782,0.33009247127973823,0.33885350448046686,0.004950103269112278,0.005724663044479468,0.0010230390566632332,0.044414128121369495,0.006765876415793889,0.000957561500839161,0.01444128527325114,0.015181197292182345,0.003287774112083047,0.0009479169709729748,0.006221979426275622,0.03156100963001825,0.0007249062639693929
38,0.009488261909277457,0.03244416069934554,0.03050659522243169,0.017224795468081134,0.02127803991630493,0.007787619864125925,0.012889907212876773,0.010551285897794352,0.5786759896908356,0.04967085045792487,0.05252638876641927,0.022419205603629172,0.0029494830584827917,0.025498148474905672,0.0314703504963791,0.004087983593211526,0.01245917326103016,0.023957649002683185,0.02876708211352199,0.025347029290739
39,0.004733203934452982,0.024329172783379538,0.021321131863762676,0.024702455156211476,0.02741999342539691,0.021821755326995,0.012921721465958392,0.026488776079205547,0.033278322737988225,0.020402572657968545,0.043440212091576086,0.012567849101630908,0.61207697695988,0.0076874066119959825,0.004454756357791367,0.016745787289925828,0.004006249920829996,0.025623582965941007,0.010083912147852958,0.04589416112125671
40,0.024475963266056278,0.02391718688986258,0.03373409158810365,0.023764835940297553,0.019433302622110366,0.012835277417103944,0.014106197120747297,0.02414161131582398,0.002863364044457647,0.007851917010570673,0.03321197037406926,0.009888891219715102,0.006959832426759921,0.012617292276292167,0.022443299605256803,0.14624132410353988,0.5290404313746891,0.012842387354425347,0.03472450197555635,0.004906322074562045
41,0.0025121579140955576,0.004969858493236087,0.0027884820717409414,0.006989962183289117,0.022227388271221827,0.001403661535299812,0.005556078166888968,0.44306798644134804,0.0028287431372836847,0.2829728844813669,0.014138221142232026,0.002363181753525099,0.0012150009577022712,0.0030474580197988764,0.0018317096952806225,0.0036465403563082518,0.008471369309760697,0.17624230165491211,0.005660466856566086,0.008066547558142992
42,0.011501509429992788,0.01808258540811582,0.6350442738493469,0.014199814767899182,0.006789672789798931,0.018681661219492815,0.005535127860321585,0.016393271140140567,0.03569150000219329,0.005280141109288384,0.05145488087002955,0.06836943196832292,0.003759457830158762,0.01293934952997743,0.013496842580768952,0.008361831124669646,0.013976633946044032,0.028683741079352707,0.015107476982699925,0.016650796511385832
43,0.008688272197869364,0.014096256243488705,0.05552076220696297,0.03270935377594261,0.02163492365757148,0.013796513908376613,0.05330277558535888,0.5237602957120892,0.025263099819330278,0.05067635756806961,0.042406352714199395,0.01046874518776383,0.004905101797707381,0.021112593113543306,0.01247160556214385,0.00913647395613558,0.0329923268770751,0.014771829759210325,0.036313718164239124,0.015972642192922333
44,0.035217182627222544,0.015141710912532337,0.018657607029988393,0.6578619813872577,0.009872895702919167,0.02970149202821092,0.010452094392604158,0.0070128992447444655,0.013212498708495843,0.01079742612803959,0.051640745614220385,0.011005245155322998,0.00808720721634974,0.045303722477147264,0.008701058329066692,0.006096973731958537,0.009050388100491916,0.008126445279895927,0.038416898830197665,0.0056435271033337675
45,0.012442504478044906,0.022764645563111047,0.04812885802403865,0.010325254718776307,0.02012157902094911,0.012557562842419767,0.031992349606344894,0.06595363503448064,0.010160826221332651,0.33675510614167015,0.2183505371727042,0.0188933690134617,0.0028580013006848574,0.0054939463753419845,0.0020397737447274246,0.01741771550682449,0.007340958500653127,0.07203243505609533,0.04086701839224025,0.04350392328609847
46,0.12203972316818433,0.012139724559035182,0.07531149952117709,0.013490334504993654,0.01197158229034133,0.0047758933071278455,0.01125420757034117,0.02064560847448493,0.02022812513467896,0.005062518381288685,0.04423921048441498,0.012191659822475035,0.0017364139278685518,0.030390021626468415,0.024920953427325577,0.027952737663067984,0.26154427802873226,0.23599625259629056,0.03176305440834272,0.03234620110336074
47,0.196313707930278,0.0010883339146595375,0.19167165061133223,0.0009817484214092382,0.005739447220314064,0.09778149016007309,0.07572384162808674,0.0026010262538368046,0.005856346400634732,0.0015347658419411234,0.00130862837790166,0.0006182250254080979,0.0001893975031338449,0.027462146886563073,0.06749334331359459,0.2859372002236207,0.024754344147634277,0.0033083869136345235,0.0061771270653622114,0.0034588421605814346
48,0.1289379575775616,0.010119031411903323,0.021775007311098774,0.02045209927450694,0.022198307708154962,0.005976972998934512,0.0033930838363446605,0.03933198032340688,0.015194298875231564,0.027444364736226554,0.13178136045925454,0.024700204637784988,0.004042985576898701,0.0409465063504603,0.015128133535839703,0.0525877249512768,0.3606243323574048,0.013899887888442111,0.04830422709475855,0.01316153309450969
49,0.0020957624883353224,0.029159204469716603,0.13742022475788696,0.0038181903083087322,0.0022295798594955552,0.001069044833838474,0.027668895750471205,0.006204474123845145,0.030910560480274938,0.00022998620568885481,0.017569025861634512,0.004152389134510289,9.646067229446379e-05,0.03410541796691331,0.1004386899636932,0.01947414413531415,0.034284089886607715,0.5257229197467164,0.0006504130346315802,0.022700526319822577
50,0.016335479407758268,0.04060394185568839,0.04939100885020223,0.022105750196750876,0.024854468852065926,0.010106030294163989,0.008676594937334442,0.024600252530966513,0.01158011024326425,0.0029492922572189437,0.03285212452117081,0.0161770246441816,0.0024880354564129083,0.009953280415690609,0.004900127596668306,0.004995149562995235,0.009679300278081194,0.657693058941899,0.032553785948826554,0.017505183208660006
51,0.024865622751338412,0.025942055641166105,0.026798138845220136,0.035322531776453524,0.01386164748487719,0.031721172585411385,0.012663086157581062,0.04425372073505217,0.015326497318077772,0.007136713367269482,0.00867665440374568,0.02839104412073157,0.0030126837064020874,0.006197698466659029,0.009569820991375167,0.6059907754210259,0.017147812793443133,0.01297872165359887,0.03793492291633158,0.03220867886423982
52,0.007851040928738019,0.003748272802136485,0.015045531648430869,0.06924982216337383,0.010683329655366345,0.04224970183291323,0.23831212770942056,0.0037430613434495867,0.00859066497556108,0.0026003704553572093,0.01390089443091026,0.41380831889802755,0.0025186703126770828,0.004903592295085306,0.005405703667799345,0.012588899624339,0.0037166376940099325,0.006332702470031888,0.041521722501464735,0.09322893459090761
53,0.009816671314026788,0.06634603287510597,0.043692858914971634,0.008760288327702558,0.01253266027467561,0.00251210140726086,0.018492555541280535,0.028226645799469957,0.007690309308230016,0.16713095449640747,0.5354922554145524,0.014840987194010308,0.0020686013316544285,0.005212983233194661,0.011027909449188814,0.0036274992628512093,0.025493291011784314,0.013625464313956639,0.012612488942034329,0.010797441587641569
54,0.6944119936441189,0.022002320913660448,0.011638572790614582,0.013681155240851447,0.01311179592212676,0.009645794307362548,0.026982791296295397,0.025534251877245437,0.019516782321231635,0.0034678482692052795,0.04217307773433517,0.02172046004741147,0.0036123626096633606,0.02735422480341346,0.006101022387213875,0.00790402639750087,0.010694959417275425,0.02140602139993812,0.011167841928758608,0.007872696691777134
55,0.03269020611818988,0.05172516365696988,0.0728110494540466,0.2407973329593545,0.006141473335265938,0.009717329730742609,0.012598432368985646,0.009428936313248662,0.01925883030994118,0.062193626704110626,0.007719161980600075,0.06601706434547458,0.017243151530844766,0.17173891419776402,0.002127610811661939,0.00409274740258636,0.10562862983775285,0.07357427423962792,0.00901416570726728,0.02548189899556471
56,0.02294010362186388,0.019974769256897115,0.0038882265402109153,0.02928863383311139,0.009405914021766743,0.015521934655436902,0.010328755191679726,0.15054074099893042,0.008982732947579583,0.002933305919374632,0.04376713070813704,0.009646755723994605,0.004728924023220408,0.007092047929923575,0.011125247828536819,0.0059632773772886945,0.003681236727537102,0.5910924519723009,0.036171958900783244,0.012925851821426297
57,0.013460916817987832,0.01517531924252071,0.018349298155540757,0.021856720463078683,0.01582141840587978,0.09366059404416079,0.007190792472606756,0.10959502246712519,0.03573588819585799,0.0057641370858674676,0.03474137587579788,0.009086521539052383,0.0028632915899889986,0.023215382930740127,0.5165335807519709,0.0038831561809384786,0.006024252480513114,0.009563906046318228,0.025604515152279298,0.031873910101774726
58,0.12483352664729323,0.0063164073889507965,0.010527848215811392,0.017354586637358862,0.02841506261600091,0.005166987409639524,0.07038876791458193,0.00662686191725294,0.002656418293384124,0.0017179083164272227,0.015377443034065545,0.009866354257661643,0.005109565280481146,0.007463716533865707,0.0025624447337565678,0.5858844612156542,0.04634057218336244,0.03205593439340285,0.015986388238984336,0.005348744772064639
59,0.0068581554866242594,0.03027350185966843,0.02723782674841452,0.025989337234556542,0.058940926650700054,0.012190431181508098,0.012399421022533755,0.016944173724723163,0.026143132464472696,0.010586204316022054,0.012901858977152103,0.024108045298441492,0.005521374622859201,0.024527726187185118,0.0042036002742508365,0.006906171263641294,0.013275924945486258,0.013706904902186307,0.01458173952109106,0.6527035433184828
60,0.011827184744294004,0.5008163418944509,0.028371351758365904,0.014475679270718871,0.018712240355018072,0.006695479322777278,0.03851076708670471,0.028559878438696104,0.025708468346574732,0.008604439514573715,0.036325190484284474,0.039330608238587535,0.007638069553856732,0.010723900085997978,0.07185442804594303,0.0027713726285232576,0.009061375166301554,0.005609647020596671,0.08108111965554365,0.05332245838819091
61,0.005383202016377207,0.0648389692260029,0.012955261565519446,0.002490034797451764,0.10185175336467642,0.011939863152619759,0.010649783368970885,0.14045930815658664,0.04624359395814179,0.10771846313833566,0.0503157908891574,0.0450011749442142,0.0018932815092418593,0.027588917900264704,0.0044997636604120666,0.0032561824260928505,0.04301058589918351,0.04409488987495723,0.045493922337436564,0.23031525781435722
62,0.00666190285366813,0.011566732786964995,0.0945730360879371,0.10887536804269037,0.04643078695168082,0.004363087057345933,0.2649277024435212,0.04943350910573706,0.025238558051426187,0.2036721431535265,0.04625913077338871,0.02017950709780803,0.0013772423222052361,0.03801887627025256,0.001300076707107419,0.0074256289550199,0.008409971635808968,0.03975281748860273,0.01192338694731178,0.009610535267996363
63,0.4064987323595199,0.05282040561325878,0.02229930628673954,0.04259744481959431,0.05575732854484845,0.003976715826151063,0.011227922803184912,0.046907496745324,0.047261065455714936,0.03932222188514012,0.047720279409493964,0.013383559731501408,0.0032541357147892703,0.008696065048907279,0.004171911383585667,0.03772561492631262,0.013335474595138931,0.0534740875548037,0.04239369942409473,0.04717653187189644
64,0.06709874679937698,0.05410530118060393,0.01804329389253189,0.03175311178973624,0.030369305562063357,0.01087627557355047,0.008160844589221401,0.022939904011118995,0.10247350564781127,0.04379382219436591,0.023855924798014332,0.01452870095638319,0.006157495493237304,0.04176492174862188,0.008670477487654905,0.19678440348382445,0.046667057127957136,0.05952767853039842,0.01453070842920543,0.19789852070432248
65,0.021666187398925896,0.03704316419084901,0.0347709559285206,0.013151811812520823,0.032206515180020164,0.009063516443472724,0.021915519499965733,0.5107297406524941,0.027454486711843265,0.05183426853344941,0.05596407718870627,0.012188767232613279,0.019984248644243825,0.04226937481876021,0.002841155733464494,0.002231862163592566,0.010603235992998634,0.02941489480052014,0.02952557721139101,0.03514063986164787
66,0.008072750629946408,0.007573035979641598,0.007344155234347144,0.026913370119844206,0.010737438600818897,0.01534643437372805,0.006050934124235887,0.012472286851269582,0.0015292882305905865,0.07053664826256022,0.004163060930133906,0.03194095935485477,0.003132187475088125,0.6516125806554075,0.002034510148830275,0.0742319657824655,0.02849027140518867,0.011971968860318075,0.008283864379433573,0.017562288601297115
67,0.012784994502381481,0.017503125912319215,0.34804931331432015,0.04292137447813807,0.0158641018514772,0.01793807681781664,0.1274176550716237,0.013244140998433537,0.035843689680554604,0.001596370379824315,0.039965324806123345,0.16757183586228483,0.0015164572981918503,0.0071207690077146925,0.004485481715585401,0.07838123002571076,0.0036462373279226136,0.012504985029823515,0.040726941628489804,0.01091789429126435
68,0.0018663094627002878,0.3665723663861686,0.010743267232411664,0.010686009330445688,0.000607111989966765,0.00864781641241892,0.002471478274944564,0.23769664599759416,0.006702238039242306,0.0026293088586718605,0.08904599427264316,0.002253898100761131,0.0007825233339319443,0.010384784577670666,0.0026703080367436165,0.004280510483379222,0.07536842721557412,0.11256773515069401,0.049532721172239474,0.004490545671797885
69,0.07517586799788649,0.06920057154388225,0.0029828098920169073,0.10166973236890005,0.004328354900588509,0.010815087852305325,0.014740927298593522,0.22611650591567017,0.012408665602800241,0.06219671130990605,0.03795720510598413,0.06869978716877193,0.0010386573439703265,0.04814553812151412,0.0011827622401834733,0.021799810498633502,0.028968309442018714,0.14073350515333694,0.049793702828996984,0.022045487414040384
70,0.008080926277923808,0.02264058296370885,0.02165652411012332,0.014798500411308401,0.01551906909923371,0.013671415890753283,0.026559829908517497,0.013104774349118067,0.011123723196717304,0.02506983057699295,0.008104578635057126,0.019735422607044646,0.016544843820260825,0.01480054715535741,0.00597175619911722,0.6563713792951056,0.03241176016760799,0.030598119282190594,0.025703507123145845,0.017532908930715446
71,0.01967944590061686,0.03063118663483038,0.42750457677318043,0.0670507452561753,0.010993770038881487,0.018093010420037643,0.03127917007328593,0.027866008442373334,0.0314309539309156,0.013480959037423529,0.05583631388829439,0.05922416484004814,0.007587167658993579,0.06088425040374116,0.0026897449660032674,0.054930068677904294,0.016645365685093706,0.008365731205862183,0.04014896276684312,0.015678403399495677
72,0.07227900447350054,0.020408186099687965,0.02443259609285936,0.019555866882378495,0.011776180690122715,0.017950709690901654,0.043605367118679086,0.006369131507169927,0.036574279955167745,0.007302839369394204,0.017709491088576817,0.03235849270815578,0.008021550419298404,0.024176824015130563,0.017340399555027815,0.5886524000187972,0.00874167253126962,0.006668972363802477,0.02014409149082101,0.015931943929258653
73,0.011494067616019812,0.030893351763304402,0.04043002872305871,0.03217982480071979,0.03947096414349179,0.023471154802984652,0.024057106412445878,0.030453621652488386,0.11169664789526794,0.018728191884522256,0.0397597385431455,0.02161201719651294,0.005755776747775455,0.016993877001222405,0.43881870524240096,0.014688156010252501,0.012456245262879187,0.016894182759008534,0.04113245297986367,0.029013888562635294
74,0.023631898836133654,0.522525332755912,0.022758911137281783,0.031144897356600518,0.03116322631084612,0.03336316238121482,0.00584808334193563,0.033517343466191986,0.024471300761612826,0.008925574216148601,0.030646150778355412,0.02777969459856833,0.010884680973118165,0.007556870868258115,0.01842684394418272,0.019314712407452955,0.016447661307933875,0.005560927580248049,0.08881614596524309,0.03721658101276149
75,0.005435480363228319,0.035105552777629875,0.035567706926132064,0.02870332192386455,0.01869290465902582,0.008909539114144436,0.014807126470148878,0.002920833871715403,0.009619907965312802,0.037205359318893814,0.030810735694161758,0.020242985108072622,0.5871807460940538,0.014311492262150538,0.009972700237844512,0.040587735886330766,0.008476288643785721,0.030460984091460766,0.020525712926925455,0.04046288566511814
76,0.03367560797815986,0.04558016271254947,0.040458066719310064,0.026435407460914735,0.02150928820048134,0.014827593215650284,0.015071479588512108,0.007523563409961815,0.011595732650552557,0.005796678528521254,0.0193117118994108,0.027108750515055204,0.004098384478220335,0.023698336014784376,0.007954043220070633,0.02971088766354638,0.5702514751005833,0.03142003313755386,0.04837638106889057,0.015596416437271029
77,0.07766302801967086,0.021181251102255126,0.005005653420155149,0.044397070319406054,0.02937215013864332,0.017118718792741818,0.023353344698257374,0.029039654058050566,0.022361143618510975,0.004251235406529211,0.02633579693968664,0.012726486129222236,0.0019285985679828193,0.5909743435612438,0.009515574492838573,0.019331019355085466,0.007398299251812469,0.016697972706232366,0.02877139748091908,0.0125772619407562
78,0.0028400375410967014,0.028188130205586748,0.011181814020274674,0.017168693424535513,0.015197020242254774,0.7160054092949513,0.011150969523240682,0.005001771885325181,0.013014271872770383,0.006095500051111158,0.019739465210202867,0.010176518263654476,0.006576279153193516,0.018217592748014405,0.0035817679863469477,0.021795845908957914,0.0068000289265788385,0.021343716360032346,0.03530927736089257,0.03061589002097903
79,0.05151263462193342,0.04998153170991137,0.03993384552941075,0.4140844183428497,0.03437993185758523,0.04045648230438621,0.02326533128006633,0.04215368755516377,0.006586384337000113,0.02189527678902043,0.03886575559581434,0.025493357934961637,0.019141738398910004,0.02319860980986912,0.022013450616585193,0.011243743118537364,0.010895717397419987,0.04840734913183908,0.05022281709034298,0.02626793657839298
80,0.3305165250932832,0.010164945430318451,0.04838140892198685,0.038980104703748346,0.045871041580812906,0.008429101201446307,0.026446623392091483,0.052097466760056124,0.04474386071423195,0.025657212186981748,0.030459173771013287,0.044291871064713904,0.03284942361562256,0.029933200458424163,0.012374788730446394,0.04250159946665988,0.03647459138621353,0.03788097235554895,0.05268167867429913,0.04926441049210084
81,0.02280052112316608,0.016455392102154975,0.0466250408515854,0.08236713645583107,0.2221833931675828,0.003519172348523716,0.06801108349306548,0.10682584443726882,0.026271476456395475,0.018720913846969233,0.04618279460515833,0.01651521799321321,0.005354128703492278,0.007502153272892613,0.008756540678852271,0.0071993114970347934,0.14045966063064905,0.013728326072075617,0.010572540885464238,0.12994935137862454
82,0.00813768017810388,0.02851078437694394,0.03853065847072015,0.029873793679950484,0.03061720724677448,0.013371565222191196,0.02393238631916384,0.22261546364651322,0.009755520316038699,0.4756669990563967,0.036634499185804505,0.007717723372436227,0.008035410499213767,0.00989697725262263,0.004672294922496659,0.0060352545070531715,0.005931777636461353,0.014843223379929372,0.01450242635705506,0.010718354374130604
83,0.06400638251845386,0.003554029454995594,0.1517982578524358,0.42755543805836643,0.015213023421546916,0.005141541883611846,0.009415614525108138,0.006138682467465942,0.014626267845047414,0.001165491618997615,0.04340598694935294,0.0508778110542918,0.0256933168833972,0.05145661719997396,0.001906342554889435,0.027905264931782813,0.03375445149028541,0.01949357442488971,0.03541181119681929,0.011480093668287915
84,0.12316590975438182,0.12917174125821293,0.007807013814464722,0.005578357746503379,0.018221832617398685,0.003773369507153765,0.02571551910278468,0.058044944054234555,0.05632378548236966,0.0004618775708896025,0.013791236331314053,0.022184452169098427,0.014967865035353215,0.0057388994735537695,0.003295619170069972,0.04228760868838795,0.31860684385659294,0.1415910533763888,0.0014112023039707345,0.007860868686876401
85,0.006889308270599375,0.055148973506529954,0.004326104139642671,0.007200814637338926,0.0010693637975309977,0.0017027726820549901,0.005877972478542244,0.6844516773394291,0.0028635227162302863,0.011049944498337518,0.007973347173228354,0.003632526870037683,0.000585174045410911,0.07641447481679715,0.005383098066129379,0.012886048647802982,0.0183094175969679,0.07208141356660992,0.01724670563622902,0.004907339514550557
86,0.6441346522495616,0.011517463079672526,0.015521457198614174,0.025082952320327537,0.001108078877432723,0.08487789524917894,0.0039687687665411015,0.0007731221556758673,0.002194994630218117,0.017064848687715708,0.008747190665912709,0.003355279485504002,0.0005414429708537432,0.07220826347786487,0.007147883900405441,0.041327275904867476,0.027692529637398305,0.024436513108360383,0.004915744458761489,0.0033836431751333323
87,0.003312122567626617,0.012584058113046769,0.3001706193438103,0.05028870786570195,0.030070567909575834,0.026403848870201495,0.15691851509069066,0.012692367702213034,0.003147337808055946,0.005346670696079172,0.04736635978472738,0.18930497911336933,0.002842972576871123,0.028892730056375455,0.008894994098422536,0.047187421016803135,0.007177826328354724,0.004115902703106706,0.0343850035995033,0.028896994755464554
88,0.0058324133912885205,0.02673703374133308,0.0014533691361101838,0.035260920044263344,0.0036867369317788827,0.005361729207849036,0.03104729866282307,0.04559782845738602,0.3049266729590142,0.0011865092444523365,0.048786223416507846,0.08693156442777097,0.042324042217656274,0.0680635354539385,0.06708855575204145,0.05994324588597124,0.024186632329996665,0.061288458482137056,0.04786401337012475,0.03243321688755659
89,0.0216147940117489,0.05033655835701114,0.04407699065752896,0.07980472095060608,0.04025112352216861,0.020943271172859705,0.018428225619251986,0.006645589960695449,0.011209154339879367,0.04057220050344181,0.04178554798960521,0.03995178965232089,0.009136590840338781,0.3592125005934367,0.05025434351161096,0.03513941871871176,0.025692035271716405,0.02294564909205623,0.0458278851199112,0.036171610115099805
90,0.020107935308833084,0.03216423656751909,0.026331731913210546,0.018340637765436013,0.035208400823604276,0.020029641892990547,0.023382171132014587,0.037866193336448424,0.01995121936326626,0.027565581622349976,0.05221384654843256,0.043882004075708095,0.006860359947962083,0.018310942558331444,0.024037926172776083,0.029395407269150013,0.012657345180993556,0.025508127752269086,0.039907812524945935,0.4862784782437583
91,0.04979416267253083,0.11494763313287212,0.01732742025182753,0.010852310180496223,0.02490856874558132,0.013725617902644992,0.003140202598730305,0.21637070466329064,0.03298767002801766,0.023410246034417274,0.017859980093623086,0.01167364105281942,0.018604488230375797,0.0137715175902873,0.005047193884378103,0.015096002021107434,0.07599882437337595,0.2781508404644982,0.03652040834539913,0.01981256773372678
92,0.014569220536638613,0.4655789092754157,0.0332867442856607,0.04088223467335844,0.05427153617290319,0.010237174900289922,0.02137275874530764,0.037957730985666,0.03643044022201863,0.009138407104567503,0.049679554392582724,0.024337230466141425,0.009507013368316254,0.04474909164067781,0.04008777601369293,0.012205490712330893,0.012982678970405377,0.023713880240340796,0.04040995068838406,0.018602176605301408
93,0.005467128909842126,0.012501749469570228,0.03637826880203034,0.027162649789466742,0.03131336848884555,0.013580558057347402,0.042509269928692174,0.009506810161066165,0.46010574139017335,0.00532582952911334,0.04042124370893208,0.01970946529522244,0.002833270974047581,0.05030173193196509,0.05538940435970213,0.10312158639518788,0.008144204308843474,0.009052825839155296,0.04014803708699958,0.027026855573797002
94,0.12012313742141578,0.0509522849757684,0.05099863867515383,0.05023558253352726,0.022579735634754745,0.045178568651680184,0.05053655294544278,0.04715016103443242,0.0972560690885026,0.0034693711923059786,0.011373791319626674,0.0489021745072607,0.005643062745252297,0.008450655491048013,0.21549413635967898,0.03763818449625914,0.028613420434792335,0.02240432343940865,0.027991090713227113,0.05500905834046208
95,0.05677414287787203,0.0866980955052571,0.01124118026546276,0.024159724665279488,0.017813177200927528,0.01180808305302023,0.018600125727575478,0.019397016979855186,0.03204005845488997,0.023075560501434465,0.28713479118948515,0.015358323624848666,0.0017959940351006032,0.03270436113735487,0.0060219386498641765,0.07285358407669132,0.23605517547043842,0.005372389785394822,0.020668649230493177,0.020427627568754544
96,0.004352988762135613,0.008279222558821197,0.007571741114734772,0.013796096417675577,0.02850160007558893,0.0020944224622511157,0.00892041575773144,0.007056273192639584,0.004272028866659487,0.08892556988501622,0.023044682383706286,0.0086756539328295,0.005855901290820232,0.0025192091329145606,0.0012318899136252183,0.00416328992519297,0.0031234629137308987,0.0033538421276531564,0.014667513998790118,0.7595941952874832
