site,A,C,D,E,F,G,H,I,K,L,M,N,P,Q,R,S,T,V,W,Y
1,0.0058550577983745,0.016760393872518122,0.042590568602346716,0.037932872272916446,0.03340337843633151,0.011851469053195174,0.005491347326685083,0.19961046885458197,0.007661240027121726,0.003201760394709082,0.035125464396634165,0.01166009172646921,0.002800534491809538,0.004057243954595634,0.00525511504743082,0.00594369729167495,0.019526366774772833,0.5102447008782822,0.032480966631126415,0.008547262168423797
2,0.014058050114325408,0.013793683439116649,0.03819675342464259,0.023547153237397513,0.03141059357428483,0.13641374551908597,0.03266867347962053,0.027610258485864052,0.014905992978585627,0.022563284229599856,0.09165712884049446,0.017024247929803935,0.008267296398165543,0.015141376396960726,0.3288718323553371,0.07449274847064631,0.008206540418088123,0.021719589049446052,0.047278005656480035,0.03217304600205472
3,0.010189594765000165,0.5513736625381765,0.041763232149696,0.0221674942382917,0.038069612101363594,0.01484300186260837,0.029399344351807372,0.03330799232814875,0.016576370721743446,0.016605884855020757,0.01418902682106563,0.03539971789013931,0.005374635922600935,0.038792807706599215,0.005605651407037287,0.01879251407608781,0.02423587950809473,0.01721737211243839,0.015246292452668973,0.050849912191410954
4,0.02613310879559773,0.030652345501733975,0.03940160549739499,0.0376594832973339,0.035706063435599664,0.015381848172727385,0.015265535088299873,0.37716829810654845,0.027601639290554692,0.01202082127887055,0.04842045417967282,0.057511230474379366,0.009502234813545096,0.013722266814012885,0.0072804173922257605,0.017507792456033282,0.0637096216038082,0.08569574951972136,0.049236188116514,0.030423296165426002
5,0.016634851140394404,0.024768374392497076,0.02247509004898755,0.06738280524860481,0.030542526274074878,0.5961374778031895,0.016749614177196854,0.009293273246668956,0.0300133396415588,0.007149080559232948,0.014191331565722115,0.015122021448946433,0.00441954864903866,0.02318857635006207,0.004151946253164809,0.013345438170155256,0.007619929939441589,0.04163922021053475,0.03943399949307272,0.01574155538745581
6,0.01031071302102702,0.015623082789211852,0.01684023977679117,0.03012861053573245,0.033459590489826746,0.006864718777085142,0.01768605711464147,0.13983310977909755,0.019115324609022655,0.005567900243557159,0.025036896505745684,0.021187222102466655,0.005184092760254239,0.02985087650235464,0.005862133700224035,0.005385921344179101,0.006408576365136078,0.5463700023214303,0.043152569383386706,0.01613236187882935
7,0.3423170662129569,0.013095131905842394,0.03873915136499123,0.03293195276698558,0.02241138871284422,0.03218340524613863,0.00811726621809017,0.026034411492522377,0.012130080141880092,0.00813131635400243,0.018420613537796754,0.023839490153922636,0.053674130633244145,0.01232973069573422,0.0040757951249483695,0.2899760598638605,0.005245577905622151,0.004581908619048336,0.0403337204133885,0.011431802636180391
8,0.017566509812997535,0.014096421651781548,0.036751558248551024,0.04103967531721874,0.02968435492778942,0.011323403411227631,0.02158390778490019,0.007752813005886293,0.07241498273255363,0.006208078789227368,0.032598506691642874,0.47706992482184435,0.006068489544051646,0.03677909751040172,0.007820638664499965,0.013255449784493348,0.08216047704160773,0.011252236140836966,0.04981930813732907,0.024754165981159006
9,0.039219754418395154,0.021319364024940054,0.04381747260866498,0.02260118340054817,0.022585333719794362,0.03005976678551309,0.021197720566794902,0.02564783582624835,0.05968901286594155,0.007356368208017728,0.03749858253960946,0.025075895081335262,0.007748504383039411,0.044992261984653587,0.5099990288954488,0.006203364165198705,0.016979975144951674,0.013227109808636422,0.02450755823313715,0.0202739073391312
10,0.008376883137189456,0.01679314082443263,0.6383816158531989,0.06236667506010445,0.008578083162983963,0.015420722596096626,0.014192163610255847,0.015435875643671855,0.007336257834748832,0.0062942571296903975,0.03230279072835469,0.06197378470463397,0.004575356422234297,0.010148009627704834,0.0036179576817847495,0.003712372878649643,0.004528884748167581,0.005818540413465928,0.015436358157630019,0.0647102697850014
11,0.018137968342599908,0.008250766386268855,0.025898412030588718,0.04385714637412305,0.5854685400663521,0.009356053168420876,0.03060110947886741,0.011495201142184365,0.0127007553083203,0.03688875318558389,0.04362957980239722,0.016829720792426648,0.008261511880862219,0.022588993600733267,0.012940874405288457,0.014038323552193444,0.007839878037212372,0.006425075273236595,0.05171582344566233,0.03307551372667811
12,0.013876000048174013,0.034967305664345,0.01680424446192911,0.03399936387725763,0.022336746309124446,0.02198414999546485,0.021540727231255545,0.27119685135838917,0.013329404107333681,0.0024798235512049323,0.021972189891323195,0.013381560881034187,0.00715006298645261,0.025627095417169746,0.0074009386879439875,0.006659304933211308,0.006872711593670114,0.4148310978542181,0.024533142949190647,0.01905727820130777
13,0.015051507388449074,0.031991238173143186,0.015216076057317722,0.5869494929959073,0.01711572649834115,0.034827082944720304,0.017053726938847765,0.009092156503428718,0.011498590995239099,0.010155934146490448,0.04909859947466763,0.02754109265912017,0.007066655017001884,0.045039346502256744,0.006729734992385478,0.012516932705067853,0.013561749973198135,0.025638083673783042,0.04239252530705227,0.021463747053582147
14,0.014311256863141818,0.05955479903436396,0.019116574172711023,0.02015427966710212,0.03815017835524261,0.3020840766895675,0.0098804514158269,0.023596094493921374,0.04699119836499657,0.0073148809587027415,0.04830034811348783,0.01932583762720779,0.005625648384996901,0.04653902868551761,0.0051465463996694895,0.006499124699760989,0.01501052394870018,0.2739769985286694,0.017285571926676267,0.021136581669736938
15,0.020967558007675535,0.03987799218893377,0.015619171289360865,0.017297134435100687,0.017483948457941597,0.013524981991078303,0.02249540227466206,0.23242529146338062,0.02265090819640352,0.007418477118654603,0.4436488618946447,0.026880874863475,0.005182366442427915,0.011420444918530817,0.004657902173397785,0.006831840913639124,0.03633435401877947,0.012844764242884282,0.025381306668642797,0.017056418440386547
16,0.03556435990089627,0.017680831148611846,0.025016721882414612,0.017548895953279187,0.009531369530833684,0.008597693180200686,0.026152735101654025,0.008257725073984912,0.021772369230325803,0.014486598121494396,0.039472244318954415,0.03338734475326078,0.006372360648666467,0.015402012782798022,0.005984281069692725,0.661520462114557,0.01192973513866129,0.009337306665871778,0.014831640629394778,0.01715331275444746
17,0.004572020259624302,0.08685505984476695,0.01837268603565497,0.015155427197887742,0.010788561609464863,0.6585607836423073,0.014864849965081365,0.010216735410800554,0.012859437789121277,0.006317241172457176,0.029966258029082832,0.013899887845332045,0.0073984871988502674,0.03131091786362178,0.005036776177287586,0.006381514104363224,0.00968371561984476,0.014109921010032625,0.01517390776199158,0.028475811462426788
18,0.35531860392096115,0.024053680849004666,0.016339365361984562,0.013371062842947106,0.009238415734363535,0.3364913727958463,0.016291788126882263,0.00852945368353304,0.017967764836310327,0.0095315709443315,0.012911070614396366,0.01649452448024199,0.006865760268563761,0.019636093397924097,0.005205611564302753,0.012704774476112797,0.00854310707107906,0.03995478225835835,0.05514255263076516,0.015408644142091305
19,0.01587687270730441,0.02795897445679642,0.036406681849610524,0.029920856122030375,0.016723869910848534,0.013351192216314211,0.018147086464949724,0.03619784800216859,0.037850719336111595,0.007673772347166843,0.039042337805218236,0.06385499366782649,0.00393078573395875,0.03055746063343981,0.01176645103130019,0.012983439046436587,0.5338466681209845,0.011463820291582385,0.04146950234325721,0.010976667912694669
20,0.011141359866102084,0.09703802059273099,0.01959736457740352,0.017285105623395292,0.019030132548527142,0.018672850255217654,0.026641486140265534,0.02188013260483766,0.02406786302373758,0.012225671202174625,0.023416814405401998,0.02101938469760848,0.004938972420484853,0.029202513580404814,0.009477325938552786,0.006046767534322072,0.008389152116241447,0.007744674532199442,0.6078139579414824,0.014370450398909523
21,0.01805300118262665,0.01897258914506399,0.013197939445981518,0.01448213818781586,0.030353780888669035,0.00610633258852006,0.008595718023216983,0.04063076150100352,0.027429113143947085,0.17590334282520534,0.0405946158064212,0.028294519194763536,0.0046281855910449725,0.010814781358706452,0.007901594636244517,0.011711231767532302,0.016941703322919385,0.48833931064393493,0.028598707471788318,0.008450633274594332
22,0.02367310917823664,0.027050049333810403,0.5518243268900115,0.038928644598542714,0.018938412221495275,0.008963787538221153,0.010717320816776033,0.00691089002657804,0.015811678064923337,0.01329519058045159,0.03258620821136399,0.0062940717228454224,0.015588461040128407,0.029212738711491205,0.010553085123195513,0.01380138459001669,0.015164884005659181,0.03313318994181767,0.023864043681984626,0.1036885237224506
23,0.06149128413123957,0.009791950770955618,0.022896156535018464,0.01587084731909669,0.08140583512578226,0.011476611541939257,0.031018049919129077,0.036403672317643326,0.024544472159213838,0.060213744089390675,0.03528434666926672,0.033488276874148876,0.011304212452566336,0.041342405327165065,0.00596106017605087,0.009037900927724626,0.011382901430252999,0.451684965132389,0.02707182827096807,0.018329478830058674
24,0.042373015802952725,0.045130790757305736,0.044539406272866386,0.034195246935169024,0.07262106272888516,0.0132821411826315,0.03603503358766128,0.028458150657961007,0.04465884979042339,0.024328990857907892,0.035507751482405016,0.010298174759947413,0.02954004840256458,0.04049117665899211,0.02307721087011618,0.02263388002496052,0.02927183174999829,0.3502325004060275,0.04338203322506044,0.029942703846163852
25,0.013542460130349251,0.019197275775427822,0.012099418311904036,0.015324430446826392,0.054441782945326395,0.010437187407010938,0.041269332196992276,0.03206936180975749,0.028483447638444938,0.5706809610580185,0.020345422322400514,0.03359735927411773,0.005001225799141936,0.021990616660391177,0.005532302511090385,0.01303090658536122,0.01999937665740517,0.010993564199114703,0.040537442458658986,0.031426125812260196
26,0.00988917094729956,0.032679653496088076,0.05779413624683606,0.5627389945007797,0.02571263551434139,0.010794820886024598,0.01668064229233281,0.026012316285618477,0.04073897460797066,0.00785313633610009,0.03833728692235359,0.011821494450932815,0.004074870377779813,0.029470560809413588,0.01681105361154993,0.008952883792455398,0.01210417262320344,0.027849813214178898,0.03908255977350712,0.020600823311233914
27,0.009950883033082619,0.008588520110536194,0.012423634893141014,0.023995559339621948,0.02494079567939533,0.010075167095259087,0.08568262782072772,0.13067283540458566,0.02208204199794368,0.010455160194435155,0.052204850827003636,0.08244550574813549,0.022408441297299124,0.007458525738317232,0.020424942345514233,0.009009963722539283,0.38966315977641636,0.02219140859512826,0.035709285176809574,0.019616691204108416
28,0.2172009558692706,0.01230559601464718,0.05483656678455736,0.013342387432196259,0.009989824616233727,0.3472492375899435,0.01436440257837114,0.009911398071656157,0.022132973187147787,0.0071695051419804244,0.025473988382706862,0.017335277946647198,0.002926364462563497,0.020073812239826405,0.02452832013303055,0.039399478189557476,0.005158403375623979,0.1201948051546864,0.021990053753666076,0.014416649075687469
29,0.17781719230464754,0.10935285038115103,0.001359875929925202,0.00036158957807130474,0.005666159866219782,0.01568965043281462,0.0008894648279339852,0.003691903526131523,0.0025020745479721264,0.34465113984326146,0.007338418816159734,0.08668084673610638,0.0004029018932754545,0.1142890197737956,0.00030907284385483597,0.08798790088851055,0.012800806098177157,0.01607451146568433,0.006119070781733063,0.006015549464574311
30,0.012153973679779535,0.5565646639807216,0.04017724510792941,0.03126983237453672,0.1072463355771075,0.008878365179251361,0.014112772620773055,0.015455718449318619,0.01814692951862992,0.005863463566492063,0.014728624869733338,0.02193018195291131,0.010037295948351845,0.029567864347327725,0.010739222125883787,0.022673783564680985,0.01113379238750398,0.022010975867618243,0.02521348151297218,0.02209547736847688
31,0.08265125113151335,0.017371420117973525,0.024672184969554936,0.020694559203070843,0.10561888706268101,0.024668003827149003,0.010134689789378457,0.015826445848122078,0.016112755297192513,0.004915436661773506,0.024502796097579955,0.014679029168843767,0.0026352069021894843,0.025046313149908208,0.0063365520842434166,0.006978807433017404,0.08424370558290875,0.4820245784511495,0.018608767636270666,0.012278609585479636
32,0.027255696402404748,0.01436827258026712,0.010885858222623522,0.026001574412230288,0.01995115199589549,0.00977821758493105,0.008057146389659648,0.010801431969299521,0.011800816926967005,0.005935579304465257,0.028423369129604463,0.012755509590507046,0.005260797140363129,0.011108245513593315,0.005546786755943913,0.18022027028357473,0.5506871265531957,0.011442789404322437,0.030687512502551157,0.01903184733760053
33,0.010554456881185425,0.02578658055326697,0.0362500241268327,0.014046543041212743,0.023756113851206934,0.019864298874220903,0.02865594214800268,0.03305695891124568,0.025549696978748742,0.08036080442366163,0.049896375201068814,0.027316726140059065,0.011153823770115355,0.01870326231435856,0.009911734007827801,0.01019807271798271,0.012982372723631267,0.5307954587977786,0.010575460870620688,0.020585293666972752
34,0.013083459315383033,0.022960675455380636,0.02674646415241007,0.013302352490331229,0.038957108888266805,0.005112389892707045,0.040960601398036554,0.023252259418380106,0.006380227337399933,0.0293633741554876,0.3395864383393561,0.020892069990037718,0.014665793663094487,0.006234245802043491,0.014304735600693164,0.0028848091954710654,0.31032453231228385,0.009147959792767703,0.03461479696409385,0.027225705836375607
35,0.19399997811779784,0.04174261531481986,0.016670280737548608,0.0069921693673217315,0.0045519818349291806,0.005489369505574426,0.013711048060585505,0.0058741699847265245,0.03368444665611442,0.004144778274324556,0.02677073677852868,0.02299560629030196,0.011660572001404216,0.02292910835631945,0.003111671020303771,0.5095646142337746,0.004534894128287194,0.008489027732062584,0.04928623542343899,0.013796696181835818
36,0.06184579318951883,0.012236684608407785,0.014595212430401194,0.05144398899827951,0.010451029775005118,0.0020279190801720105,0.03792640852771555,0.03955858957737042,0.016017536900897546,0.023885065307103763,0.015386763627500391,0.009919283121698574,0.01368766515173354,0.047021934233605615,0.0013022390548095256,0.23349179035501774,0.34718041552483186,0.04751962781783818,0.012544020535375832,0.001958032182716919
37,0.0877530351879936,0.015347349805472064,0.06287809882953897,0.04007255310961764,0.008456633273407699,0.22748114315084814,0.34228733558792174,0.012828852171702447,0.013053454692613185,0.0022840220453287413,0.047826312067542676,0.00945570665946333,0.0025479043354435247,0.028509407220190918,0.03187428248108377,0.008220540279966769,0.0019715693303861814,0.010335814868497807,0.031013159080195175,0.01580282582278562
38,0.012400239993705715,0.037561434920868914,0.033795608226439594,0.017955813216778485,0.027041637122195546,0.011088139372545753,0.015307590368954311,0.012325933017015268,0.38892630758374797,0.04903105819485854,0.03171164064919573,0.13901845276171534,0.0037362650193461192,0.018227070210384506,0.10378414442928378,0.0026226974511880507,0.013926081425890587,0.025888028276139494,0.032210846708785115,0.02344101105096115
39,0.007037398419240509,0.029778688257801694,0.02606172679018557,0.02872520027022283,0.025884133317410185,0.02536054248951534,0.017639023140401947,0.026979841677741524,0.03108606391440922,0.016427237992695735,0.03865201106204119,0.014458964794894032,0.4386586289623392,0.05702507750010725,0.006629385023540776,0.12472865980057722,0.008316723896325333,0.02931400940788427,0.013918953284049677,0.03331772999861652
40,0.015545992761515423,0.02984480554752744,0.04016029431152606,0.032684642587465756,0.025219923247326814,0.021414562018215767,0.021672133087513545,0.022393957484389018,0.017641712037711685,0.016476065162657857,0.039685252051456524,0.015846274251002018,0.0045975674195164375,0.0222112822630604,0.02246181180277645,0.06412545751155914,0.5170596447854275,0.015328870191382179,0.04732253871670201,0.00830721276126791
41,0.008040192629691391,0.008501388691985651,0.005522555394504108,0.012389512486404944,0.009447105104410101,0.002390812609098686,0.009638132233835648,0.3922740674935602,0.0037803624096104855,0.30481732808001993,0.025101001068392605,0.004518826493811227,0.0024309506033525323,0.005803264466777093,0.003330546792337447,0.003977429236782694,0.013939803464013176,0.16254248019430614,0.0097042371628904,0.011850003384215574
42,0.010174403738875926,0.02618419567969357,0.45595383168655845,0.04380084223969924,0.010545533403519174,0.010697901999642025,0.01373906099617757,0.01910326229266789,0.04021432048606045,0.006922782766374978,0.05307850475541527,0.055771534246441185,0.006229351253251732,0.015065770104413321,0.01469475494627086,0.009769701665765887,0.016697561704716264,0.02684461639737305,0.019711890667776538,0.1448001789693066
43,0.009986853688651312,0.017151775614118177,0.05503661971910947,0.03772564638689251,0.031887572487313276,0.017749880951575845,0.047248293734094705,0.41509785496452706,0.09574787619501422,0.013409164464925627,0.05763187603388047,0.015309757083317593,0.006785554527764647,0.03270460921806942,0.025033525382216648,0.013533603055893772,0.04507348649535006,0.007999251573766462,0.03128749500787012,0.023599303415648604
44,0.01491809498741065,0.024100379586843208,0.03355356727594032,0.594450521223597,0.013021907542630076,0.024759916886349438,0.01440975709415175,0.011231617958159154,0.035515308633738966,0.017706435294767307,0.046044472727468345,0.017749765354662956,0.012036750908621786,0.03021215886187515,0.014399681305727005,0.010741984400600094,0.013699859518394046,0.012905421330683788,0.04921593132250717,0.009326467785871885
45,0.024413775277083317,0.029431363629118714,0.04864956830061453,0.017152122227478982,0.08225219787294474,0.021607616644992486,0.040996558925589184,0.03595906097115144,0.016358078967963763,0.4277558987848003,0.02333682069314128,0.03346436828866276,0.0070703403516055065,0.011640737657857402,0.00498202779386054,0.01614389542796074,0.01521399105833889,0.021324622767390177,0.0764416848995535,0.045805269459891704
46,0.10693285774400157,0.011212975795471163,0.18193220574090432,0.028311627103068553,0.06594391196617592,0.007199363152291721,0.011914563144070434,0.008529887244962307,0.01984996167358537,0.003065253228557207,0.043218577366275164,0.010993754471758037,0.001842493887856953,0.09012977301834825,0.02300277779003178,0.012622785788064774,0.2053424772088276,0.10859739349278259,0.0270929716670174,0.032264388515948886
47,0.1979193992016415,0.0020597612936207274,0.2934390883338903,0.0022116101365501914,0.0094316315368471,0.10121570120007516,0.07338263093700516,0.004836966430132401,0.010550213826777769,0.0005448451420983272,0.0018447782588390635,0.0011587930445149572,0.0004758854097485068,0.027222319200522486,0.040680694355249805,0.18868535693707914,0.027213964923409235,0.0009575029034995838,0.009140790244913476,0.007028066683585145
48,0.026074735907245804,0.01570058231451182,0.025541428394377935,0.03011896225038462,0.028448779849696324,0.008847487581238331,0.00621841072639773,0.24060403015835585,0.032645495666567485,0.013623651361608301,0.06058225748679606,0.03295883826938311,0.019710733329369987,0.025792438028122176,0.008384503446671332,0.01849064972690903,0.32735877734788393,0.011652985382161868,0.04956907463129185,0.01767617814102639
49,0.005484154076486941,0.012159752264912426,0.15972987080355955,0.004045034165366243,0.0022928914939124093,0.0012879056755709568,0.019640054232836313,0.0018933193746909958,0.08165709333325086,0.0002806910806084579,0.017485260585290697,0.0006635368738800919,0.00025553573633593107,0.034802365614451033,0.04932658057610195,0.0040509502007339306,0.019873920548482246,0.5643645340860636,0.0007971010976608323,0.019909448179804463
50,0.060752624895945975,0.02199368006756152,0.017288814234294354,0.026639681077270883,0.039915662516057326,0.012108345320555233,0.01347053599388272,0.019032850277156375,0.01566655589003418,0.004605152816908374,0.04573399024117852,0.023477930169992393,0.0040877468247958355,0.013861444705328008,0.008241542838427275,0.007105828773702368,0.016227521163055075,0.5872905674947154,0.040632852939253845,0.021866671759884323
51,0.012199992241880767,0.1019595128921781,0.030114329362033534,0.038957795276942854,0.017051785275176437,0.03186027317504313,0.0185300245746317,0.04633754221680873,0.02011243626947357,0.010830051175141,0.011842986075515875,0.03126828294549451,0.005117483771645891,0.009204081086113817,0.006256004156283353,0.48987740930243023,0.013770697413590705,0.019053357259792514,0.049498645304106546,0.036157310225716666
52,0.010704536117972395,0.005139315575536299,0.07575421242087253,0.00868986236222046,0.016634544768850405,0.006816849364279441,0.33514452343149187,0.006856861055071479,0.008537728415053538,0.0044186694191817675,0.021283207753113122,0.3619281836507089,0.004878205951557868,0.007654137041006688,0.008871815803996824,0.029124549074639107,0.004613429369127726,0.008632496124396573,0.06016983918775754,0.014147033113165406
53,0.015281456805241744,0.03249383310184247,0.048212355387121326,0.013024287442703815,0.019655472807492944,0.0038561261224278644,0.025628654824414815,0.05102468739769659,0.025729822208087547,0.11859324745105919,0.47515077003138767,0.018638669893294046,0.0034342836928295747,0.008174738968928839,0.014655903777387595,0.006488214805985389,0.01275061670464311,0.07258947771051322,0.016859334115550437,0.017758046751391858
54,0.600796335486396,0.025627218361486546,0.03581649337208129,0.019261989574625805,0.018674175281768856,0.006886037824274815,0.029417748653358517,0.024324312617701304,0.025994484962543415,0.006503044378300848,0.040148156429502306,0.02732112832406525,0.005260729059476943,0.033630812849161446,0.00959284529062498,0.018850763558879657,0.022642104675866984,0.021626854548285418,0.016301938433623847,0.011322826317975859
55,0.023405863162471955,0.16874102376339034,0.09240307448033463,0.237154180782659,0.01067651926659425,0.011087568711702432,0.0050367215432769175,0.006348235995773775,0.12082388097501057,0.007894929655257513,0.013571677069449575,0.021261509030171995,0.020447787148217374,0.030147404569277104,0.004166599925014333,0.004333211969869799,0.16464948672912363,0.02130749277000254,0.01240434584170955,0.0241384866106927
56,0.029359977493723988,0.029277192097585947,0.006782370624642904,0.02924091367901111,0.0131529205025262,0.01967335354508554,0.017989787502895562,0.056421461074482315,0.01289917330964892,0.02544027101090052,0.05222130259244135,0.015898143745414383,0.007224828178186095,0.011011162627794564,0.016259597397975428,0.00871245161226838,0.0058906768348314185,0.5830403182493954,0.040941638840629624,0.018562459080560388
57,0.022198116858647823,0.023797510487690174,0.0278644797669853,0.02945828140636758,0.02670979138174757,0.026143362631169835,0.014659063392803998,0.11278340213371152,0.04103780436463426,0.008474425164481474,0.04069099991964492,0.01559158574643015,0.005969790293710057,0.034535893654391824,0.46244400616026377,0.005415784685189968,0.007260547793849736,0.020554615032964664,0.034493210021417954,0.039917329103897455
58,0.08840214375430439,0.012385818322216332,0.019266279022295326,0.016804882688354818,0.03531219813535425,0.010487860807496661,0.07568207650879051,0.011581476042263403,0.006531600267235475,0.004066576652708301,0.027230438697448674,0.011427776544752953,0.007448783037927408,0.014883129047769575,0.009626010859970906,0.56449876697454,0.0059099598258317565,0.011719245761275442,0.026053113933309658,0.04068186311615418
59,0.011172669787295073,0.022566558190365994,0.027752086375843792,0.03332076232881389,0.05864678560855916,0.0179171525622091,0.01182138038597893,0.023115628249373556,0.03233159699873727,0.01927186332756173,0.02003340650439429,0.021081587257981295,0.009054915752827216,0.031647561837578886,0.008316618440134455,0.010607574448048083,0.020682500437586855,0.02185468323160607,0.023616211465340528,0.5751884568097637
60,0.019170058316657815,0.4704096989404683,0.041964245209169374,0.02645620581107953,0.07720534348539133,0.011041331392806096,0.03626404930828521,0.036617531046490986,0.03259414423524581,0.015312626077086883,0.04705917474933845,0.04040266278777907,0.013720236647124068,0.016714640768401318,0.02573503025652804,0.008347472722193494,0.01647979645089584,0.010717845817331186,0.03006612335212077,0.023721782625606355
61,0.01335825202724306,0.047926082691713445,0.024835856821625705,0.007197567240776625,0.06193988155233933,0.02492916144291975,0.036734984246831776,0.03409017481374676,0.04603022440227296,0.037368946013763144,0.04911089268128408,0.04373738263633876,0.006486048330248852,0.03490490229322071,0.012255026524577037,0.007751978731390471,0.0925142435782975,0.033420790047665405,0.04719415024771638,0.33821345367602823
62,0.009575020209238581,0.00980466308242374,0.06110330651680813,0.0907469976860373,0.049229456474813346,0.004040915091172832,0.46557390811692356,0.04374337342107699,0.021707479329355787,0.032897551536120104,0.05265799794422156,0.026089879477549278,0.0024909878028868673,0.04109070714100656,0.0019174535388631192,0.005486143683050161,0.013782452357514205,0.0357020053256821,0.017283126998963637,0.015076574266292064
63,0.31629430348824744,0.04860437091753309,0.027549337946601367,0.049405010978404704,0.05063223833476467,0.0071287124830502775,0.01734061843393326,0.04944400695876474,0.03975671517041905,0.03879963955802674,0.05729663029891832,0.016033210098700037,0.008836150492841456,0.01090798612012426,0.0074495007614359225,0.10965627474737255,0.012852527764968036,0.04865373666642044,0.04369250166729053,0.039666527112183166
64,0.009692489381322146,0.045824461728615005,0.029995158318918795,0.048134665493711745,0.03913854125666424,0.01959277451682488,0.01896587761542738,0.03476109158429543,0.018403248456222102,0.03153065992106582,0.03116471668173433,0.02587915589668391,0.012148709198263562,0.025309158803831437,0.03659541493345309,0.3158322025616985,0.04175101082036793,0.035256587583875794,0.02289757528103713,0.1571264999659868
65,0.025980232615647036,0.04509971078915968,0.045628697025582934,0.01976975981016816,0.03819344966855174,0.01663542842655921,0.02969327829489287,0.4293109485287131,0.020577198748958095,0.06307793310526315,0.034549719111832966,0.015860052504862297,0.028222826438159092,0.04961688835706401,0.004958047283538672,0.0034084117450282987,0.01277744903972894,0.03698749485490954,0.04224233781337772,0.037410135838002484
66,0.013998709696694691,0.010861920907373777,0.011241070717178569,0.01095185316230426,0.014537389725585239,0.0053802764965076005,0.002603649499183789,0.007376316117034676,0.0024770507262358563,0.05239565796535369,0.006233961862314778,0.045699530200512165,0.010347215330404228,0.6434843984885552,0.001956776970965335,0.06789840754964306,0.03980191573516846,0.018420532138708715,0.012983886164237762,0.021349480546038014
67,0.017929984625812988,0.02574971621141654,0.34540398804743,0.04763852351857983,0.027241099636591406,0.016408289015405718,0.07911789190128314,0.01970416877472949,0.04475139741757147,0.003104895907110552,0.054446344652236675,0.04772324869372979,0.0025235746889237776,0.01137664512780917,0.008091001565037864,0.11230699891339804,0.006256732354631164,0.011163788535370122,0.053536956732344536,0.0655247536805878
68,0.004294213152403691,0.3523618037542976,0.021085398131958165,0.025347760079708286,0.0018491750188086872,0.003375762793562209,0.0053380300924157,0.18997133802540134,0.006504387859196453,0.002985753267540905,0.12504446719315637,0.005773998006830659,0.0020439975095801173,0.005905620357390266,0.013626431322621067,0.004938775542048462,0.061848106893487714,0.10665400887553064,0.05120511903520071,0.009845853088860957
69,0.04433317733804027,0.019601183314983353,0.008084403194648235,0.03066049907460557,0.0051216305531384424,0.0016710429540193516,0.001310609570543629,0.14427944656651234,0.02597003976192489,0.07544414143116117,0.037585395572454425,0.16354681513779837,0.0011199587431074914,0.24527496610511035,0.0013871567950218694,0.003740436345397538,0.029267239663043922,0.08225130668770983,0.055672515670561674,0.023678035520217293
70,0.023211877233918973,0.02938650578466571,0.02302476358434942,0.023140146406056737,0.01943530612375142,0.02045141993332623,0.03206063611366752,0.016770269751458587,0.01858606202358156,0.010763598119412583,0.011933964043562117,0.03140003538951037,0.02334289246959704,0.023893421504914535,0.009605234104105275,0.591134659488545,0.01175511062366441,0.02091574055090945,0.033491767424316476,0.02569658932668657
71,0.09536825675617518,0.037654897189622276,0.34011070464045695,0.08318638945836372,0.016223536112121174,0.011876493591415634,0.030301553410644017,0.03367153498563508,0.034874557327585036,0.02086625880739367,0.044809086787018365,0.046823618491851175,0.011223150048886348,0.03332695404166699,0.0036272940098782216,0.02269832900606698,0.020455611088676225,0.011768993072667641,0.04826759484804162,0.05286518632583365
72,0.021998675534736896,0.01539725741975133,0.028192268354956012,0.02775562426414459,0.02043558407790304,0.07185069786587252,0.04293788217448002,0.026233627638667018,0.03951101561795991,0.011902872691246033,0.02274761715456441,0.021299168296671205,0.0112712409847449,0.03307259027683124,0.024391522130472226,0.5061651776604156,0.012227660031150677,0.009838432317205232,0.028079772255693854,0.02469131325253329
73,0.05689508371675429,0.024040117091319365,0.04139538397519075,0.03557056241991252,0.0395952389921023,0.02417319158218697,0.03430326964347351,0.03297042749214806,0.023432905527440318,0.034577056028871594,0.04046246477236782,0.02272988964890513,0.00412447332649153,0.017005775188373456,0.25972906895387615,0.18244898094919676,0.01632005062140378,0.01673851257977468,0.05787231644908178,0.03561523104112926
74,0.027285970264649642,0.3894687223671859,0.02802722226276036,0.04021996632246785,0.14341471837008993,0.01677281280947908,0.007664670658071938,0.040260087784317666,0.029437696507917895,0.0117127059283418,0.030535599062973443,0.031361063588137866,0.015060737477431925,0.011408150957346024,0.01660777637034372,0.03207013954101121,0.021376852203456677,0.007702271507239058,0.05173341748587886,0.04787941853089921
75,0.008651359717942272,0.03749283699031478,0.044077589048968135,0.03579542913276177,0.02531453782564004,0.012043027913316993,0.023477782080229697,0.003764400994356827,0.012680403848741272,0.07139028938034728,0.038198545686539104,0.02368202929404593,0.4625130723864927,0.041704783088311,0.015421077295258016,0.011295247143083375,0.02913998152969626,0.033517046160804864,0.026811205094185532,0.04302935538896413
76,0.03852689543826313,0.0544866474875897,0.046395763805189436,0.03314837267651918,0.02788256358946333,0.02061889189009456,0.016461661456585033,0.02336277610987728,0.02152280191977774,0.006988149326501494,0.02713659601809408,0.0345452456521889,0.005985750490904401,0.028564207828253394,0.00973162650811935,0.07772118221337651,0.4304650994317658,0.038264303980155775,0.04029265172417147,0.017898812453109467
77,0.10049711823921145,0.02677964305182993,0.008241380394583919,0.026797298654037495,0.03248713207331476,0.013592788509771135,0.019722015880800227,0.031171670899015545,0.03381298925268769,0.008542297713005654,0.031214680607389862,0.016804062800433166,0.005914615759524487,0.5345253993986344,0.010369632175336225,0.008852053133460446,0.011107901569613965,0.02071504382914468,0.04037512798389414,0.01847714807431084
78,0.004933260416065821,0.05172651882542371,0.0705006864325711,0.01950250993153103,0.020532649392538536,0.5831482355610308,0.016548547152041813,0.007125719893208482,0.018780702154462037,0.0094697760813011,0.022737150270897045,0.01607219359946945,0.010812735363355402,0.023949095453437347,0.004612957120033761,0.016241574326654278,0.009172022152745709,0.012717200548928732,0.0418833238217381,0.03953314150256576
79,0.046685696364993805,0.051979456314231925,0.02570753985828377,0.37670312880128515,0.043712521985044606,0.021097274856953122,0.028260593598944207,0.04533046307233974,0.011277578614544332,0.02620502580643981,0.05128321754641947,0.03222667157571254,0.023925392711858846,0.02975623580067087,0.02565058353600265,0.017193254804324234,0.01507738966408037,0.045794152268023844,0.04755540213828464,0.03457842068156208
80,0.2773903435062755,0.012805380499215426,0.050144009267733824,0.03830909753785884,0.050644988849124266,0.0117351145095301,0.03275704558355663,0.05796169332247542,0.04382992458977396,0.027949243992709354,0.0378706024670979,0.04280425197639662,0.025345507873193236,0.03261546385702382,0.01855891715039493,0.02396104023837086,0.09150441717000447,0.03225165497088421,0.04590703431920353,0.045654268319177085
81,0.02461544516540623,0.024135929834002822,0.09988416682959889,0.02969655020541609,0.1705477809062483,0.002696421760461539,0.05307489390993459,0.029336319139022918,0.016054247260933317,0.02824120333834993,0.04763360269674929,0.02811519341293698,0.019183350138234283,0.022307680728680845,0.02615621119655387,0.03161764397802034,0.019214233433258107,0.02152413214526014,0.025977951171257955,0.27998704274967356
82,0.010996649925070438,0.034204212333429455,0.04446704769165311,0.032969261363211044,0.030943449566124336,0.017962582157354627,0.01876143592259088,0.23703611348419582,0.012801736267117905,0.38361922236095747,0.045827985820399375,0.01003431110192193,0.018601169950759326,0.017003740778850102,0.005494002001988144,0.00937041693428808,0.0077475275704657065,0.023013862281280655,0.02217952278643287,0.016965749701908752
83,0.06127471806582107,0.005189561624694929,0.1292285209949595,0.37522605418156535,0.01709036534269414,0.00562949495179545,0.024658673199308742,0.008766279589731335,0.009139294641324246,0.0018639984986791682,0.046257249739283746,0.01600692338505404,0.024222694167457034,0.04742826488786315,0.002786875000750585,0.020594916202409712,0.0032266365933330057,0.029073919165943055,0.03529913620679012,0.13703642356054158
84,0.13068032134048113,0.11981230393818139,0.004023857433655382,0.0057551233911274065,0.02461797737367286,0.0048021322928620755,0.013269385891084048,0.02820486740825948,0.045068526846999225,0.001372465879543475,0.013755770832936654,0.03168253167638396,0.014138476055453139,0.003132577931907996,0.026141194692702107,0.028160370455950278,0.32029438010725625,0.16280227284976215,0.0023545604398119476,0.019930903161969053
85,0.012407365903317168,0.053453416226941386,0.00764268066240901,0.011388069554944718,0.002060327363317613,0.0071483467103456745,0.003661928791099915,0.6146044380761404,0.01719254752350345,0.0679136536979243,0.007243316345974321,0.006637911523154646,0.0009627177691498004,0.08019323516020399,0.016437337681294184,0.011436863813354632,0.003531804769232669,0.046789062235696226,0.02003302310854931,0.009261953083446484
86,0.6658876888441609,0.008089113171725323,0.05150654017655488,0.04386371441026861,0.0018900410268140582,0.009040115054664998,0.006877875641058782,0.0013350036399146785,0.00361277606832969,0.005420507996779524,0.01301622344207192,0.005090587868875676,0.0031295665591822793,0.037273832240222717,0.008958609713880135,0.037187504209660646,0.058247749712399696,0.02551003809485238,0.009056435198840362,0.00500607692974268
87,0.020212822151037767,0.02434241794643689,0.34614072899961357,0.04843608098371439,0.034315535236453636,0.030291238093190155,0.034597025855576245,0.021634202229376717,0.007401299745466926,0.009298634366137244,0.044810618104703534,0.04796792840727064,0.00354648110875349,0.03835747378414985,0.013004159930756175,0.12544781932729265,0.013978938224767345,0.004489608781722096,0.0382534781360362,0.09347350858754441
88,0.004129125409751352,0.049766883372124586,0.00401674222380048,0.018869987457614742,0.007976957230191727,0.014919110087114286,0.0031656913993558093,0.04257460822912843,0.1151445732632069,0.006241059727221666,0.05046249947066248,0.11138077654455092,0.038057725790514814,0.10478584965790769,0.07877797120984406,0.015595537835080284,0.033014895601370546,0.2377974277699728,0.047213472918684725,0.016109104801901676
89,0.021127036556988662,0.05419001525372875,0.05068337219625635,0.03734678939800708,0.041825286177393756,0.008999239155347137,0.08825399303515097,0.007624797132338911,0.12178115311929678,0.014915046116235169,0.04444080810350853,0.0433914399990961,0.017360765643164352,0.23619551699262875,0.038162667089088415,0.03649834608681876,0.02689407007405523,0.019799049120842783,0.055030870850857366,0.03547973789919621
90,0.026088422075108537,0.04511747564969375,0.022991370722713622,0.024014795903035634,0.031277782211861054,0.021903743421520322,0.050447765757209474,0.04541684456231607,0.02781076188275,0.031981390949789884,0.04770135928537541,0.03992592249566145,0.010029043616703547,0.020905162947759185,0.028818542989514084,0.032105162416270996,0.017932294272455317,0.031096187979371227,0.04620394310124243,0.398232027759648
91,0.048394264943501956,0.017229699494795955,0.015086259684757283,0.013624267040032109,0.07525731183801256,0.00981204497503691,0.0037633044263080647,0.36033248663473993,0.03224016928407647,0.02770543045453773,0.02324109912613533,0.01749487136865127,0.024472686253260146,0.016293966339874313,0.00639144864180515,0.01545131192482913,0.03071293100239828,0.20210431720148964,0.039656009798381714,0.020736119567376095
92,0.022463668737557545,0.34593460619542254,0.0372105955501788,0.04138320288810867,0.15185499073667394,0.009292513153697739,0.0238218627345154,0.03617008610702397,0.0373611979907477,0.010717808955828273,0.047110987423304496,0.026914617166274583,0.012138818731823455,0.03789276710504036,0.016815047094682765,0.018797396436510065,0.015651957610057218,0.031921864486229294,0.034273635730672304,0.04227237516565088
93,0.06909387233716409,0.021867796130708883,0.03970686944773115,0.02458848102633089,0.03450667281005729,0.022438865515263657,0.008109576154808935,0.011948617363651076,0.5056576620880032,0.009910472802116993,0.045497283269009134,0.02973619195989106,0.004990550952934503,0.01983225645944201,0.02409976638749182,0.01700905920268987,0.012127368772707283,0.014453757917914697,0.04409095255853365,0.04033392684354983
94,0.1044626004891565,0.05028657428214465,0.04131415938167033,0.05405807166210119,0.02969908839223817,0.04870775537459467,0.052023283878362414,0.06364266925205866,0.058557533806623596,0.005358261048811731,0.012727631437553438,0.053224710135546846,0.0041906648520716235,0.012336361938839628,0.19243778502346043,0.08007568522712052,0.029183636943235128,0.026981043588416635,0.027768981908188044,0.052963501377805776
95,0.05628354862054955,0.09304736331194616,0.009180028918664285,0.025926758226219385,0.01821022577371949,0.010663015308897315,0.01777485734951698,0.010921152042010692,0.018922161284342973,0.0016787509707859194,0.41272154104069386,0.01250006277334593,0.0018029851170638558,0.03363732390312512,0.027624133882265416,0.10130771727792523,0.10262788646170888,0.004402711425757051,0.02055488663052994,0.02021288968093196
96,0.009381136236904907,0.019160729876394215,0.01680518266063319,0.024617795308004595,0.08197999342682188,0.005042016541108256,0.019537350329241223,0.03827448225817848,0.010164817462750842,0.13238616964244185,0.027579522808402885,0.004081505722452507,0.010775639290049925,0.0038097645977552426,0.003874298282368465,0.00486739080510256,0.0071446341438403576,0.0046007367193293906,0.03281362287657816,0.543103211011641
