site,A,C,D,E,F,G,H,I,K,L,M,N,P,Q,R,S,T,V,W,Y
1,0.005246981352401715,0.00744046441364674,0.011158848295209807,0.009108694658778404,0.005516946700121862,0.004200231120382125,0.002733578957109318,0.16624845058350687,0.0043922219980082125,0.0010200172363116584,0.3962764103865008,0.015985630056546345,0.001143387736494787,0.005119561317465922,0.0013046536181481464,0.004210599509094993,0.30407286523465094,0.020588193245876515,0.020341644180541178,0.013890619399203637
2,0.006748979439385218,0.015634041350646912,0.017093281104751726,0.02392986064367741,0.01743054340911301,0.037555399086117686,0.021475865444426496,0.01631493822950461,0.016604161082547923,0.009579987370524269,0.022348274125174133,0.01651877335417547,0.008056192626132741,0.022291639563121062,0.632317989888875,0.01958268968573491,0.007010875966871947,0.014292437942024592,0.04821914815008367,0.02699492153711134
3,0.0064189703499402725,0.7324423572089483,0.024548802440499687,0.01915326446607181,0.013912781985656465,0.008914591752493255,0.009624621377479284,0.011102146622924289,0.013240739602982108,0.005272213636666035,0.02387774028761436,0.01083553408275447,0.004301379655802242,0.014110040712235056,0.0090358914591462,0.019501627299581617,0.007769242375207918,0.007817851253651526,0.012689197248560298,0.04543100618178464
4,0.011016181723808117,0.0231358473215785,0.026617336000027473,0.019598480011176807,0.030022642914082166,0.013218477622098984,0.012735501116911426,0.5028583954080189,0.02048973208967488,0.016772709175129942,0.04290638223687452,0.047019738201771515,0.007252901466509375,0.02082200932303537,0.00586726289544265,0.018123016057854154,0.030557681596936583,0.09783079589444614,0.03189484549320945,0.02126006345141308
5,0.00584758106971016,0.012294544202415202,0.017647498918307237,0.03512856222717184,0.013134959145132174,0.7791834520777067,0.009793624406809259,0.00847464811516638,0.010066065417407889,0.0037312633989472674,0.017327907444634954,0.010532919749395978,0.004375014081194485,0.013191743345904528,0.018544234971727393,0.004309559253716914,0.004154609983303635,0.010258721519416227,0.010308889744127322,0.011694200927804274
6,0.03285547737322728,0.01474314580788124,0.025934866606638855,0.019924419574522765,0.05327780236058144,0.01833961350317414,0.009372732385903441,0.029667708760814787,0.010145512733710733,0.024612702771312375,0.023348600324721316,0.010490812279977708,0.0021245254017985453,0.01134973569478638,0.0029291194748596507,0.0038531963025663827,0.004433052911759303,0.6737098841372468,0.018872728982028845,0.010014362612488064
7,0.0009021076520003526,0.00024106128015664155,0.03359411209333102,0.0010104682457108694,0.00027148580305805025,0.04911905662447085,0.0003473279962404795,0.00029996198843785924,0.00022946362948035487,7.681362672282512e-05,0.0008045341803889748,0.0037087400274840405,0.0021356236483526998,0.0017909370846970723,8.986557660234543e-05,0.009684624605652092,0.0006909826438941254,0.0006113711070432154,0.0005139247718464575,0.8938775374144298
8,0.009672240953696015,0.019324164154337152,0.027449487605008118,0.021503491717046158,0.01190529131409937,0.006607846348185832,0.008776022609330646,0.005999585297925654,0.027355386093424857,0.003483820251128008,0.019345437969161505,0.7038166664190678,0.0036724498772094357,0.01656845302767417,0.00431871540083935,0.020592234598330546,0.03479251164052862,0.010067568474886025,0.015913486503867535,0.028835139744253103
9,0.025233644565069848,0.01613623616497592,0.02973235850646678,0.01990095917756421,0.017045443967360983,0.03259633248679468,0.01578957223203971,0.013217918410388876,0.020206270685404336,0.006481965839029772,0.025459329457991807,0.012850979192297265,0.004895986641727202,0.01994778609485813,0.6566010413008405,0.01584949171918293,0.009542767201037689,0.014780224882880836,0.022801957803492725,0.020929733670595713
10,0.0030555919964733147,0.010419706634948829,0.8279403936118597,0.017100807000019137,0.0071756511635390294,0.007484874098437614,0.015813360467767087,0.007191272449640924,0.008793625823905896,0.0024978592557569086,0.013833887311910218,0.017702199505962336,0.00203125783212876,0.006097718592903183,0.0026826182533191416,0.0025566565002942995,0.003113099590833221,0.0194507147777262,0.016919745488075157,0.008138959644498846
11,0.007296450745541834,0.025349929504419687,0.017011670002303192,0.01861563359885657,0.6748649809564647,0.0076596538041286966,0.012438838815558625,0.026474085218115978,0.014649149621679316,0.009427177091067723,0.04644572669829747,0.013911652023243133,0.004108438964629529,0.010091597576435862,0.004773742202823183,0.015193302389736152,0.005464360602397187,0.03476882870649823,0.01997371139497346,0.03148107008282946
12,0.03878538454899159,0.015214659775982454,0.016414724297048672,0.02634703229149103,0.01456495048093254,0.0128746201082285,0.009224768654825754,0.010695302581878502,0.011612941446512969,0.005619015594506915,0.052878560808375025,0.013822582482329364,0.004561825236919739,0.012005235280811833,0.004651303241668385,0.0053630363273795565,0.00596325482225528,0.7083969637553824,0.01670330396288304,0.014300534301596448
13,0.0058036220111539255,0.01815533187002408,0.004737835052999569,0.7110115842903589,0.017369802604912287,0.04179583838949176,0.010462168866804487,0.015112199644530838,0.021334449416827668,0.005941919284255786,0.021476520304367367,0.01655155991585807,0.003956856979138868,0.0182942032532948,0.004919681652652038,0.007082681019679532,0.008154105090994622,0.023136240769823176,0.02453852901529983,0.02016487056753233
14,0.01968415577317913,0.008765803651843148,0.02885283981221609,0.018616382218471846,0.01736576862819191,0.6745533893555781,0.01298125100959258,0.01404293391323271,0.01931944500042262,0.005990764742202113,0.030859699850631854,0.01539212750169231,0.0033867574973661533,0.017986573401859718,0.003766228217334875,0.023488606976425994,0.008464087871287275,0.03133931199973861,0.027704995041306666,0.01743887753742632
15,0.005545271547679029,0.011853718260471999,0.011197583330615483,0.01205987102846804,0.012699773924042142,0.0046339073234880086,0.010878456266164963,0.027559492204029205,0.007199402076126162,0.014843591436343423,0.529337501764938,0.012032719731194623,0.004008881139879874,0.012034287717493888,0.0071220608400970765,0.004170832354404957,0.05039936472796579,0.013866496278137453,0.23597379816162967,0.012582989886830322
16,0.007471688683673879,0.0031270664834515466,0.0033408560749543744,0.0019215146974163038,0.002508223086987854,0.001810330964968084,0.0022782057688464784,0.0016520895937503287,0.0030380857061239057,0.005005422238101448,0.008077250950452362,0.0037812221726261142,0.0036512874674796258,0.0035136168523346462,0.004693681973878924,0.17998580890756796,0.750022291225469,0.0013688822169758302,0.003966474455003641,0.008786000479937623
17,0.011125163100812036,0.014443292458001286,0.013461873617135156,0.0074000105447685986,0.017191172004297248,0.7825881897875197,0.011792683225545986,0.007319757029527195,0.012968774542308313,0.003385846657395519,0.024929831369615844,0.011181612716469383,0.004338981670372959,0.01355931978953974,0.006357063444272584,0.011252681575533859,0.005286595936603378,0.020025135028782465,0.011207986744868548,0.010184028756630126
18,0.8469662035834388,0.0018632995465687088,0.0031248414839801114,0.005118390599176178,0.0029363528598418944,0.10804010517129113,0.0026540525910747704,0.0025498234069429577,0.0018525773929390428,0.0008772369533347348,0.007368283119801741,0.002609954729773393,0.0009024380020865995,0.002368424767704435,0.001185910695169646,0.001913982490552747,0.0011021787098503084,0.001628769000997807,0.0014521349827346893,0.0034850399127402654
19,0.06400168332422783,0.019561629140425852,0.013424893525737286,0.01557538286309915,0.012246221593744314,0.008381157430183965,0.007316892183811332,0.08387958742827761,0.013927100341908456,0.00475144077357821,0.02167315553315206,0.010083016370352457,0.0071908881360389625,0.01669428416587544,0.004765153666019776,0.009821274190611582,0.6462444785537474,0.007913707067689783,0.02181592113293096,0.010732132578587586
20,0.006874627852762049,0.02397090861921484,0.011275670461856178,0.011910750620903217,0.01169473426975793,0.006162336105853211,0.011175809088057062,0.010549119269015243,0.01332500986498046,0.0053029795899493,0.015394561340362196,0.012579733962794833,0.004677237161640915,0.013066930929179725,0.018595634790835106,0.004320510798935869,0.007803522244357705,0.0075616212011011255,0.7908314413631077,0.01292686046533533
21,0.00815316406581663,0.0034540857807605755,0.0031584730901549002,0.0047197889940671246,0.0066191648523153245,0.003929023435519446,0.0029605911473744202,0.7129511402392913,0.00426665254387073,0.029126135594257977,0.007069077752781915,0.005983089811020049,0.000764450728395799,0.0037261925218429197,0.0009924703579112552,0.0014099859024223782,0.0019145287162684803,0.18574006242754848,0.007023033514362238,0.006038888524018136
22,0.011821568968122802,0.013697041921105753,0.7090092803006143,0.04662373759091151,0.012156370532095187,0.020000249437895013,0.016306101365488365,0.006980987047407634,0.012837857714851731,0.005220609174585978,0.021588961560048487,0.017501250134352574,0.008400007315721174,0.016492278613476054,0.00458848533688482,0.005707574646934411,0.007887025205109017,0.0075990426718191345,0.018238597939933793,0.03734297252264223
23,0.025015982530037936,0.009458437388436602,0.03824435252500496,0.007882619781994055,0.05136126477136422,0.004186816310670041,0.012804369687891799,0.02576424047379765,0.01617958859562476,0.017315648479259822,0.026552981857502128,0.01410182707220739,0.005911670928150475,0.02392738975747771,0.006073439479046522,0.004085966925510123,0.00584029235428274,0.669266327483426,0.02162102026403049,0.014405763334284623
24,0.025757339611169165,0.019277309376418087,0.020009209358742567,0.012594856420828478,0.02719506026281229,0.03150906661422821,0.015637449160849366,0.07605631256342592,0.01525478576835639,0.012677177356196175,0.027886355769692443,0.019840390612126075,0.010535170547637899,0.025606532633752635,0.008571335980710264,0.00665994204155911,0.005539795018003434,0.592467916955634,0.029797445116896693,0.017126548830960684
25,0.007702957039759005,0.014993956399607938,0.01587857496710821,0.01594414996286738,0.008276570534140788,0.01700085074844709,0.016171576690813837,0.010941487341549115,0.016439240328338496,0.6875601809088898,0.03258006848640188,0.016532928001874832,0.0030805700285677466,0.013062819919478824,0.005572737315458251,0.02250542482539091,0.00794453670817895,0.036340692487185515,0.03511539284434906,0.016355284461592352
26,0.011637727903134581,0.02355664154777927,0.03594126104488166,0.6278950154356511,0.013095047074910769,0.039507415615173964,0.010032624305371598,0.009684459277663177,0.04753606312658826,0.005667219096617023,0.025775365435988188,0.0107312732128572,0.002738584787689147,0.06481233641924197,0.008048835027385126,0.004919785377599565,0.004985976183348904,0.01615029842011515,0.02583012838831862,0.011453942319684775
27,0.00789551894145379,0.011937934224705697,0.04069992434617906,0.027606586030037114,0.01486203992096319,0.029557631375803202,0.48661086996341557,0.021273812366580835,0.03596845078081873,0.11249949102399473,0.03464456547820837,0.016655315765708473,0.003723886621519465,0.03179138541122716,0.048759415335791714,0.009449585583777224,0.0062154194478424955,0.011045125673002726,0.029271613140183467,0.019531428568787
28,0.43897313435749363,0.003970972218420733,0.004009371999340424,0.007296465085779431,0.0029621712088837185,0.1755189803761268,0.0033615801856783094,0.0016780635557473347,0.00396937262210394,0.0008709509105424999,0.006091566935731902,0.0025640330540534543,0.0013975720847314561,0.0047240049715026435,0.008058416243892948,0.3114758457133891,0.002845638318463413,0.0036123848234248497,0.007363000035623267,0.009256475299070083
29,0.022915082370273242,0.5102073438687711,0.008703421834289295,0.004777373662252211,0.039884151745404085,0.10376384504381504,0.0018557417556084187,0.0020572496919793585,0.004062068205200791,0.17307089593634295,0.006983675073015886,0.003094982404282915,0.0006352469243021555,0.0027821029898402925,0.001268872189395167,0.05177106802365839,0.007298174040077505,0.004074919291487839,0.002854758361123605,0.047939026588879816
30,0.006568511168366466,0.6790828223131194,0.013528516980316766,0.01840325136732778,0.014173555926252194,0.009482719103971958,0.016623067125379573,0.008780568793936183,0.019482596262570748,0.0048955652538600165,0.02362134562719741,0.017545575442759066,0.0051939204537451746,0.01632144204020903,0.014351555185542576,0.028278110996526436,0.007038976356943964,0.008019948775218848,0.021722496516926648,0.06688545430982963
31,0.051840205137260204,0.011993633992204355,0.025402486885016715,0.005976695585888761,0.015051806866163094,0.0038898319513240194,0.0093425733434081,0.02471226330228197,0.009232079085574827,0.010681152845836313,0.020986961588595678,0.009845494451044283,0.004161658333395033,0.015075727552226158,0.005323859677754873,0.049788288856655365,0.006983812802224918,0.6929768843836174,0.016236518465466504,0.010498064894061394
32,0.013780986678141103,0.00866089692278966,0.010751469601740633,0.014777939202424994,0.009006248114262306,0.007354861763235985,0.00744587170543006,0.016740949974996863,0.011557965562660293,0.003548667654724997,0.017995223428799726,0.011356097324742749,0.0025400880085634813,0.008272091659523298,0.0037510537914560195,0.012484868192238326,0.8102504119834579,0.005833144261606026,0.012700664569171818,0.01119049960003372
33,0.016870188257993284,0.020831373271230594,0.013142865364851148,0.0054917265267816874,0.00986559587963584,0.00643746634021431,0.009480873954907957,0.007804001691899815,0.012429814115521659,0.038819801641955635,0.3519613953077781,0.01281049225348915,0.005601382464780103,0.010046856639854206,0.0048040423992711245,0.005810748235864982,0.0071866128692845595,0.433575214370029,0.01600853983173659,0.011021008582920282
34,0.013852630732115097,0.031754890531133284,0.018952596194023483,0.012602429860605266,0.01887632360481125,0.00947755206294392,0.037235813955937655,0.008031436193647275,0.00912057306672903,0.012621609637839643,0.6688611582414322,0.012978005270276004,0.010306253934631002,0.025320317768391592,0.007041003272514317,0.008544465983518715,0.03777037592680674,0.02543718492362764,0.017315432107543115,0.013899946731472832
35,0.5780732006321139,0.01606178445365272,0.017699485319153597,0.004223857507324007,0.01836323086975763,0.05218713708862843,0.009211877847011557,0.013154053654628723,0.017628928758937245,0.007445994786549683,0.027163192977680353,0.01607477897312893,0.0068933003189277425,0.0175115630041178,0.006107674032125434,0.027308576511938264,0.0794557108847022,0.02367923856275909,0.04014592263253072,0.021610491184332056
36,0.008811198209511794,0.027367781765118535,0.010204310827256277,0.14329266448644173,0.015036133394500306,0.002634677431333724,0.44454244655018865,0.029153378204151533,0.015310123921266025,0.007854281081514893,0.009482474797265964,0.01180301434727788,0.017935129742758005,0.09361639690245259,0.011790309203218649,0.0053772064880367185,0.013740200049367542,0.0038404674203321425,0.11372503838956877,0.014482766788438317
37,0.024725677526668752,0.013291603756339443,0.2514156693951828,0.06476492079951762,0.011771765049442927,0.4866661511624894,0.008625293419547344,0.010828746095479971,0.015322201274356016,0.01060563777567162,0.02248503197989074,0.022471642566564348,0.0033284773269154884,0.012786126238230562,0.0037049785513801575,0.003958230615571994,0.007150843753424224,0.003287087792591151,0.019321228673389652,0.003488686247345776
38,0.006272257444530684,0.01581619929103965,0.019589179808221065,0.017691645390016244,0.013470752958911638,0.005618991272865663,0.00875484233401349,0.015896887823677555,0.4787186893469584,0.006325800064635494,0.03555095946128296,0.004668614427486722,0.0037679546258516687,0.02097586304471536,0.28441355074506286,0.004321672955270633,0.0210780235934584,0.009591315471864358,0.012263416037326414,0.015213383902810825
39,0.005131179401946041,0.01858620339200017,0.014135341514890152,0.014729803192529513,0.0199681909834002,0.008387080676506498,0.007860600973635052,0.01286887464855549,0.019101281991697847,0.04703982518814683,0.024218846633500934,0.021652048476079416,0.6541212983232636,0.0061645968813015045,0.009380266341599806,0.05738289879965983,0.007986535311389386,0.008037101350627143,0.021451073820295607,0.021796952098974934
40,0.03431158364238878,0.026043563292228993,0.01689037420967435,0.013012330464775278,0.013856248855686811,0.00894953267010143,0.010781111534913452,0.01988143207642363,0.04795318135021331,0.005531870117835011,0.019751907672655597,0.012400392219903288,0.0073424068480655545,0.011753188879092755,0.004862315130444816,0.02585768673564883,0.6747159062946936,0.010802503943038468,0.02442043915605801,0.010882024906158097
41,0.03029171291022858,0.010486002046821513,0.01032964316101567,0.008575978850677013,0.028879590385259214,0.0036208301005658475,0.011786186241029927,0.01808848160281776,0.01504807872290013,0.014347850082098443,0.02341835380153964,0.010114601799771701,0.0038492239779323667,0.013115235215498464,0.005058509431617923,0.0044206163307438815,0.014095608713014593,0.7303823364735926,0.017390368049136032,0.026700792103738605
42,0.007561240674574784,0.014253533424156823,0.6227639966347687,0.018161773549829507,0.022595860599492285,0.028600526264457873,0.008152469708263155,0.00987218584312886,0.01669799172305521,0.004966840659806412,0.030078325413533082,0.1244462013710991,0.0040970235642247286,0.012954486103022116,0.00423745787496642,0.004941420004554738,0.0047761132364477,0.017913616808074823,0.02042918551558454,0.022499751026959107
43,0.008786081264936902,0.015764661038426848,0.014369385508906768,0.01635242755731308,0.018724009802721098,0.009001618631031882,0.030901950758290088,0.61344493528456,0.026537705348014588,0.025376658452678755,0.024010958395774634,0.023994385066696988,0.00657005624531625,0.02448836864349655,0.017690919920233604,0.007177802474247054,0.05073026916099339,0.020770782716892686,0.028352270120935975,0.01695475360853286
44,0.021563004976791054,0.01666733033864213,0.03342355626737809,0.6851384249454946,0.009921453665529061,0.01887543090068085,0.00711963388983951,0.008224124764567832,0.030702611466094903,0.011166707740265189,0.04031095677486473,0.011907431416903157,0.004896928968347214,0.04249148212435757,0.006664367158857001,0.004786874332915581,0.006383548077517833,0.008755500641780644,0.02097142892900481,0.010029202620168268
45,0.009171283659938172,0.014686528695736837,0.029280114522217918,0.02136830792004143,0.02005620073473845,0.008657397344824222,0.028684723123209393,0.016352753894764926,0.0159989825668735,0.5960363056243212,0.03697042756144182,0.03720058308182179,0.006842288730001944,0.01800026446488457,0.005326170959556581,0.05314123231364589,0.011873897567164794,0.02668243075701567,0.02102217781519683,0.02264792866260412
46,0.03939670571951877,0.016322213434779003,0.014716113389066908,0.013998706507330405,0.017160163749893462,0.007745013389120834,0.008685355396670282,0.03957553609621697,0.02213267713210838,0.012342128343389677,0.026008302895127833,0.01758770966900283,0.0049110138750256705,0.01779332310044855,0.010401804998325031,0.005933849377621772,0.16544001416770962,0.5209941612791686,0.022204972834328034,0.016650234645147335
47,0.0152875582559212,0.00666393282370767,0.007188953312162097,0.00914899523363013,0.0062989018636787405,0.31935020979705664,0.01274506411287376,0.004910734745622736,0.011002971340634353,0.004627978606345389,0.09301367761169926,0.010120701025017683,0.0010777535405928223,0.004489979137144238,0.021508464169002126,0.019403086271666245,0.2525597712430806,0.17983764006718242,0.010982441597385552,0.009781185245596354
48,0.013356783710276295,0.02563808614998481,0.02526565538515008,0.022972745411846556,0.022373112863342322,0.00833071661550437,0.016125199145224114,0.016008767325007233,0.021511291346052366,0.008584349687173566,0.03890521794410931,0.014931305971432557,0.015539665073949716,0.018111107404414666,0.020535947604128944,0.02039962752076747,0.6301016438848671,0.013649765387964101,0.027121186180337254,0.020537825388467185
49,0.009649101295116369,0.007698834175011835,0.009410349939464288,0.010401314366920275,0.007189416747268581,0.011868322045154475,0.0026134914654335276,0.1881554166338673,0.024050417193955134,0.0011028878307592046,0.44870904040899195,0.01931134798323377,0.0013232119326325807,0.006436583885646533,0.006646634113635644,0.03067032369072068,0.14250946866077532,0.024358249151951,0.010437154362961639,0.03745843411649979
50,0.8925059680807997,0.0024213962576520205,0.002079786895054461,0.0024591493784584134,0.004391400870006948,0.0008895607933069815,0.0009611332719161057,0.002483748187949508,0.0022555321212997656,0.0006423721188752595,0.00520863601119215,0.001831456930062462,0.00023516459573391093,0.0018014088388686232,0.0006555596258221487,0.0004980400718523747,0.0008494295968232764,0.06885754142809843,0.007582722779631257,0.0013899921465961365
51,0.00758604221201771,0.028673506640906885,0.019548819443296138,0.02621792911627125,0.021319353393085817,0.08349831745447113,0.02242999029312041,0.014403997082013304,0.017654550576575233,0.006046955475904453,0.06949666705185015,0.024554379498389556,0.004083898493046074,0.012377460418258468,0.008863793354450773,0.5154978090558988,0.04877987629233965,0.018842686142174627,0.03318118040387881,0.016942787602050632
52,0.004833840806814982,0.011893376094236458,0.029385204426014805,0.006267139387276413,0.00582827640711862,0.04196248807086261,0.10090721740003877,0.005547768256101164,0.010035087021567997,0.0024147832785838988,0.01375577790688831,0.3472124590578922,0.0018326090912699137,0.3481832557012148,0.00394987087548276,0.025719286443125378,0.003769044737839757,0.00511180200421754,0.017315363696584138,0.01407534933686956
53,0.005427062390612517,0.008570534780228347,0.014524843521295298,0.008468068539965672,0.013372427993581897,0.003942069862310302,0.010156187619425414,0.006313158534525236,0.012966666325598095,0.3378145719655537,0.4907318283421709,0.009791940370622837,0.003625175746875499,0.00982981878910025,0.008942783831489606,0.004466339062839597,0.019080055539037983,0.008646370758830046,0.011554179776989464,0.011775916248947403
54,0.7514009982351577,0.011835776511258035,0.0037418741508590016,0.013553440998897088,0.00954084232036488,0.0037862314259188173,0.012392380636523537,0.010803167992734654,0.01901790867354955,0.005585706574780712,0.027962011348368048,0.011219766723411977,0.008186704170283783,0.018554696845783203,0.00372915922291816,0.0038129543555776536,0.025055718180900435,0.02858433080289252,0.017893153730273042,0.013343177099547193
55,0.05772527769149567,0.0007308592306390868,0.0008028111802172894,0.01890468772904703,0.0009043587144445057,0.0013944758953442144,0.0007735001304303641,0.0005410152395519175,0.0014007675827497122,0.00017856112762090978,0.0013573392822553473,0.0006949776372276034,0.00019165028156776812,0.8327476230979409,0.00014959925354518866,0.01596431106138341,0.001842476188799797,0.06223971478241488,0.0007175210143416316,0.0007384728789825549
56,0.049878725523484296,0.008697627801698396,0.007681590747716009,0.04732336912250496,0.010052491583738672,0.0047271407220710725,0.006840943324107942,0.381757215367107,0.013354624107371359,0.0031164606832535836,0.029318694372648207,0.013259716207520813,0.0029141066839891536,0.007553892820742547,0.004414569337280813,0.0022598356868249263,0.0041805260634235905,0.3784267295746242,0.017518275692245122,0.006723464577647377
57,0.01071423778080426,0.01152448253834055,0.013560894703654463,0.013959596045521593,0.01855192406080031,0.029160647594916714,0.009462812573982989,0.014193618577660988,0.015008225206369259,0.005514425091489164,0.03373163850963485,0.01034977991934789,0.006441409309836577,0.01116302657251735,0.7342064890451846,0.007490086872246114,0.01892770175880215,0.007421499680305249,0.01760676513931585,0.011010739019269059
58,0.043507315567458085,0.00456510424703764,0.05283098049279321,0.006307643637311866,0.013008234226373773,0.16151844066609813,0.006516654525789304,0.0037456150690184523,0.006215195627787907,0.0016962020077939393,0.011577830325299252,0.025837834048584637,0.003504038059462623,0.004896723165356565,0.0022582960683501666,0.5237612913104344,0.039926176145915676,0.05593149798910565,0.012154563986983951,0.0202403628330448
59,0.01151522495877102,0.04182212060809939,0.014047034152885838,0.014855659273679427,0.05447164602590929,0.006910371850701213,0.02811729905888417,0.011792147641635374,0.015614102218297862,0.007059028530337856,0.030558105572571707,0.03156384277459546,0.0074317557236258285,0.015452848268060163,0.006919451321728663,0.006142818530672826,0.007273737034076665,0.0131450311245678,0.018661899635768576,0.6566458756951309
60,0.00644754331325095,0.6372114853868445,0.01553431034163902,0.01728783059874745,0.013096787962441849,0.007117928772936848,0.013420443881105564,0.01281204102540878,0.017378610552929333,0.007562264837915754,0.02373521279477469,0.014308371737766199,0.005934139952681262,0.013457579411051955,0.06610078797656069,0.014044688930133737,0.008930475160245917,0.0068514730304209395,0.012401615850584552,0.08636640848256
61,0.0062352845636106215,0.053234848568882866,0.011807742128141886,0.013729891515362198,0.028126527210025745,0.011040828499674473,0.029861721177878837,0.012175228922774646,0.017288390265143765,0.021877208529973973,0.023286421605372445,0.025315594104200572,0.0022377256290504527,0.016515126621255035,0.007552200941119703,0.0068876589753316,0.10243487366844649,0.07443371377590911,0.01753940909924768,0.5184196041985979
62,0.06703438906071887,0.013382440485551319,0.2163744687338265,0.4391686234743615,0.021247624514477093,0.019292463417641022,0.01205947388265085,0.017122987728224934,0.02970426123225983,0.00580977533088225,0.0333814597716597,0.0178431077467699,0.002874782717195767,0.018730744343926357,0.006379513934909679,0.011100956955335608,0.006796055319080122,0.01517363387410652,0.021866217670709103,0.024657019805713134
63,0.5751614190822371,0.017038244590204282,0.021588148149948222,0.008209011140398561,0.02603672647979637,0.010946098462503863,0.01174421476328957,0.025108267980590713,0.030006328460354142,0.012986595859856294,0.03716954575685295,0.018334075076346136,0.00544614156403404,0.025391278319421184,0.008275348970277353,0.026762539511197316,0.027697162916577655,0.051971267986199984,0.032480712836185914,0.027646872093728327
64,0.1506212651359587,0.015787773204429905,0.016614966781787147,0.011530510425741426,0.06922458721581717,0.0070398069104878214,0.04769023685516611,0.014290012290338728,0.01463838451910085,0.14256827391758742,0.024467608970346583,0.09419934793258397,0.012228640500709743,0.023827242159857605,0.005890778931614305,0.28566368646251655,0.03599834641128827,0.007134320185499593,0.010802890648495293,0.009781320540672789
65,0.004428097264424507,0.005934985471241762,0.0039031491095725826,0.0016939502270448166,0.004221965765878002,0.0022353047567513842,0.005151542685850779,0.13054139704804799,0.0037233269931037484,0.6055404290465075,0.01968014558579314,0.003694483771748229,0.006083022825010508,0.004758692560071939,0.002534764287744864,0.0027999516993912816,0.008962291874409395,0.17215347363954245,0.008043534550380085,0.003915490837484944
66,0.021291944350946567,0.01024223996970627,0.013888172775261335,0.00993478668701822,0.00937700602385753,0.007693359976778936,0.006640290665849709,0.1472259487033683,0.03216567671425157,0.09120740687487722,0.01621740041888817,0.012773586968111242,0.03911355110137548,0.008891742188382273,0.057898713079612744,0.46439262603288545,0.008306965111074897,0.008913216103857018,0.013516738854724736,0.02030862739917235
67,0.02233522732751878,0.012107495651992164,0.5604661521620643,0.03081123431087554,0.01701141089675833,0.016732084507343304,0.008251686056383944,0.010919375871690267,0.01530199690697865,0.10382601664494366,0.031755370025448426,0.021047775238822345,0.0015456580930989438,0.03852599139251673,0.004860993993184572,0.03421043718227593,0.004975441568852997,0.03008071385168499,0.031147548577799385,0.004087389739766741
68,0.0018786889757072419,0.015895893095522376,0.006982774180655258,0.0026946031200831893,0.004134020500747401,0.001110562076390251,0.0023467665654529992,0.007547834560099043,0.006067208291693381,0.043296623438189526,0.09000613821670977,0.0031353193172721228,0.000675948963164418,0.0064711711851388656,0.003999281385166183,0.0008660579801024068,0.7639525335043627,0.008983482051753627,0.027505436833831186,0.0024496557579580833
69,0.1601324643418157,0.007531383755654029,0.005703417844361057,0.007101398046237459,0.012355296020723123,0.015293256479877837,0.005097915917931792,0.02230609386935227,0.010405370758088736,0.01384850740151801,0.04197907498717432,0.008035886317362,0.001531974341114406,0.00774979166284879,0.25714424796109586,0.002844372740769991,0.016572110354465562,0.36896433858196026,0.01628159185611874,0.019121506761530148
70,0.03834491533130838,0.046146500125345054,0.02073070345473194,0.010641056266283052,0.02347435515842993,0.00859664412395249,0.013525583032198805,0.01545351925247965,0.015018381763820457,0.010865306505521047,0.018371501706732025,0.016843418255926633,0.015946141473103522,0.017074913914706998,0.0051933912686835506,0.6405226000736749,0.015698439649704087,0.010038694091154701,0.03782545330344591,0.019688481248796956
71,0.07362094207747902,0.019870908007221886,0.5732239853688683,0.022756967127171224,0.012394832136435073,0.025309947005090778,0.007147597700872791,0.01638338043917954,0.018921964073590196,0.0074314385569564404,0.03683286714013389,0.09403130013796103,0.003951279584965999,0.013421045046460776,0.0075087011084143725,0.012150019517670644,0.011136621379240274,0.017165752815613406,0.02242089832365213,0.0043195524530221475
72,0.061136597458899246,0.02452619750170425,0.018186335819409708,0.012477376745230999,0.011882404713406049,0.0608900219974976,0.0175584347400262,0.012100434590866297,0.01363036712352395,0.004985911225871654,0.016452849261787566,0.05180370284283525,0.0055492959845354645,0.014391234151691324,0.0029880568473158084,0.5917477759678034,0.04519579612064791,0.012418951411208993,0.009900966327515671,0.012177289168222706
73,0.021803778387683378,0.03283737644390417,0.023292401297533318,0.022640107698666406,0.01423856574989335,0.011209984162018875,0.01532357112199794,0.012971979256159972,0.19413947053080818,0.016500575612677322,0.04520196223978904,0.01882219299838009,0.007552555216412795,0.018480359061708595,0.41978367288318896,0.042123302966745796,0.02117999370190255,0.014997957349604235,0.021701254211803096,0.02519893910912192
74,0.010690062762717917,0.6731850032702492,0.025650860719532726,0.022774974969093125,0.011604495469800781,0.00634293667627017,0.015423786384722802,0.011342463207036187,0.018279944445926934,0.006968767669504078,0.026845448607011154,0.015876194745780937,0.004605606429145953,0.029024951387147172,0.018495914200967262,0.013293350231461028,0.007786804190065097,0.014938578960575615,0.03212707112029462,0.03474278455269725
75,0.0063464189492564846,0.017736253823457285,0.027237569449361707,0.022307605206605005,0.020583544618446633,0.008729004840123948,0.007936752736176096,0.010706253492440986,0.017771350451543665,0.013941063438897503,0.028141057284494446,0.01869553439955406,0.6851103937632134,0.0037999807667197525,0.005636130313357539,0.040587920019867746,0.01005261579025694,0.012469479489759044,0.025613474678807525,0.016597596487660182
76,0.04428309031938109,0.029458393876172426,0.023758919818446432,0.022682386591633703,0.013415510709650948,0.012413862222999655,0.010653094315173445,0.029846381361921158,0.01463769728629886,0.005914883289259258,0.02291012939329585,0.008958217171646212,0.005941057116227597,0.014107311184049441,0.00803875935479246,0.03744593601195878,0.624802144254489,0.022051921462134555,0.03553012346165372,0.013150180798815386
77,0.005039567291348464,0.017818627794472547,0.016707515943585594,0.04358714458420851,0.01396961842965956,0.010486898824172804,0.01861884738748966,0.01255202024702486,0.010773188610970019,0.005053325568801479,0.028778219517571438,0.013227759690779132,0.0016311972675175652,0.7173625336981837,0.016203715312453897,0.009984406580986718,0.0047996779913008995,0.013067701466291333,0.025733952922014983,0.0146040808711668
78,0.005421192332212031,0.014959154256059728,0.02897470107999882,0.012167150991878446,0.007407138225222245,0.7803216419518423,0.00869159061847735,0.010933323517012988,0.01026058103879823,0.004658818693944555,0.01880042128412146,0.011172589663490648,0.004206535404735698,0.011950689185039326,0.004009586603036477,0.018570103335229366,0.0052587247910111535,0.006428890771790043,0.02046102406870828,0.015346142187390893
79,0.014259232768582044,0.020420984123915235,0.4186757995052909,0.23936997210449318,0.018656660374361176,0.015868707623588857,0.01854975094624217,0.024988642866726956,0.023363245599585684,0.006161432649431319,0.04295507469529729,0.028366126481288917,0.007331376750459899,0.012786968940807698,0.010702610148038439,0.005371083901695671,0.03522829460727262,0.010613445608157617,0.032221166803565834,0.014109423501198586
80,0.07786081894158961,0.015215311796438846,0.002412566912245074,0.00823677655713303,0.02685585321513115,0.6656413121164547,0.01039870615816009,0.02225257487769942,0.037066619403785805,0.006019872473383157,0.039135317899670015,0.022277499034028626,0.004198803106682268,0.010704820892888404,0.003159988063686245,0.001172096495328196,0.009164335161881905,0.005184076804214024,0.015813746460567314,0.017228903629032188
81,0.0036831232774836146,0.011864399535101038,0.009608786213133852,0.004401897213535418,0.026786010867562424,0.004831641635583673,0.0633184227544717,0.06662482743600975,0.005192480072089814,0.41308213936848986,0.04436508483225683,0.013219507649705284,0.004469136480363006,0.0166488382861968,0.002218592276697165,0.017140799020497994,0.11883873478622763,0.002156430061590141,0.008997840691057706,0.1625513075419463
82,0.004634466069161606,0.006377702055125327,0.012955019605429266,0.006014396803685872,0.016807882487916568,0.004585896471924306,0.08930969627999866,0.5071039242897545,0.009780334951486178,0.2807633411329157,0.01574920034940387,0.0070234763072129485,0.004268814608048401,0.006066716338841408,0.003200672960617974,0.003022898950920617,0.0028547826044060887,0.002836602504091718,0.010696380852306708,0.005947794376752455
83,0.005143528359768027,0.003526914176447065,0.16608374715022559,0.008972901606364938,0.003051363382935996,0.4484154269017142,0.006864475512826678,0.002740774944091201,0.00405568398813883,0.08823100163457291,0.011055411170583512,0.015810465864391044,0.013519081176971155,0.1273548874874333,0.0013860746716927645,0.05710703842942852,0.015102148570349829,0.002255494587164479,0.007905635032612225,0.011417945352287791
84,0.009429734197687428,0.011533496482913227,0.011926798375312325,0.03129141462061694,0.016928869185728623,0.029809380116833234,0.016557753166884116,0.020213464178095848,0.4011413910941854,0.008191177169011207,0.12070879134916745,0.08179569341648002,0.08779228453311032,0.02783395886634698,0.051154609644170616,0.002124387991088279,0.005426877144937884,0.033578049274141084,0.023880397354176575,0.008681471839112507
85,0.009750224682846255,0.035332567051821945,0.016256224353805287,0.024755866883933983,0.010144921746875544,0.008796163168660357,0.013549882321294482,0.008155975679502903,0.022285849150000606,0.014960156450483753,0.14104269081343931,0.026640670435121746,0.002415741795267457,0.5007049189413945,0.0174744134477902,0.07313715791504996,0.005538512462391297,0.02750620185692954,0.02809337842551479,0.01345848241787615
86,0.006601111674062112,0.004415277168600016,0.009493878866298372,0.03269102078110943,0.004694902756152615,0.004952333363277004,0.01769176931725878,0.0032745683940609313,0.008944456088653074,0.018835542331058514,0.006735775333494187,0.006162239800799512,0.14504651759438794,0.004763788227584477,0.5831504997909078,0.11197765957502236,0.0124173747432825,0.0022929166263191926,0.007203306852200284,0.00865506071547094
87,0.006910010395940182,0.005289095187335608,0.19205231150237992,0.1062586992764677,0.008896913195885358,0.012462918613840432,0.0040707291720656815,0.00754403880870029,0.014348293729888528,0.0033072268778267925,0.01677459242019889,0.08315565617455149,0.0011181884959220695,0.013821149207258366,0.0038825846979724074,0.4904098017609873,0.004373157484952268,0.0060759529970622625,0.015916531530170454,0.0033321484705940746
88,0.10916947702858062,0.016404534924086972,0.017652272946045603,0.013831007133201763,0.01120687576538814,0.005996094744695497,0.047692028712830334,0.13384256158383293,0.018427442954882578,0.0860391988913726,0.024155547491114517,0.019410043019676575,0.01042160706764296,0.011155657469777407,0.0031358186170736798,0.2165627168251794,0.19323901246810496,0.006116665599910885,0.024391640411782135,0.031149796344820457
89,0.044749751550127885,0.032287153298090676,0.054996353981968726,0.02267120521707308,0.016756515057552886,0.017002654402535868,0.025761585694506185,0.013872833280366205,0.006788754388156884,0.015358266596671924,0.04033127113999157,0.018903962968096502,0.0051199611310116895,0.5421977919703964,0.022640887768949666,0.012594035185371994,0.014310370900541486,0.01862012374494335,0.043578286362568185,0.03145823536107868
90,0.022878621390040443,0.050805966467953996,0.049058186715006134,0.021694327076702456,0.025093332985509125,0.016558404930429416,0.04249557539686488,0.02861071392837681,0.018731331275967215,0.009730319493289504,0.041221829795158864,0.048884887822709104,0.012668702308349778,0.02123485820024427,0.017782420029276172,0.009257101054066207,0.01995295226282321,0.018273268854664713,0.03340680753180345,0.4916603924807642
91,0.007894717206397962,0.0224697841369781,0.017892471221228272,0.0118985037868019,0.35044018609538935,0.00444594700776112,0.00837092248769256,0.1456834563370563,0.01880863142343411,0.044782465601267266,0.015757023903606723,0.027865029510198785,0.0016062263427347432,0.0065411280401744985,0.0030920286307913607,0.007042110251251471,0.00439485856441636,0.27425372109394663,0.01779982909849695,0.008960959260375656
92,0.00831662132602449,0.6342932215068502,0.017969102822775727,0.03360276324044469,0.013760220271473287,0.01091983749143417,0.020504734076696413,0.0152463779478891,0.02711768002771336,0.010799613042418287,0.03730342776746948,0.017166904272680052,0.005200540942761782,0.023203557775768126,0.021158231822332566,0.01657970431236897,0.006248592450811217,0.011886496252631053,0.03197546838260505,0.03674690426685195
93,0.014401994165202029,0.011056617247794253,0.0157428126156514,0.04719151716954616,0.01309251970753132,0.2183739755556248,0.008126820494883958,0.018505818988693825,0.4383511952152618,0.010551093805402707,0.025129131393956103,0.017467347311697738,0.002183438276362905,0.05609013812166343,0.006715797246609027,0.00473189561002182,0.025025429242548396,0.008911368081832492,0.04382707268742617,0.01452401706228971
94,0.1164382299721387,0.025384188384861915,0.03406387423803727,0.017699493668670595,0.025486778830080437,0.022670734564921084,0.01700001126295679,0.014319112265540966,0.05584448939144671,0.006374970753511567,0.034079902851124576,0.017950142735998487,0.0066432740988441735,0.01884578101496606,0.4931687309769504,0.011858988724783708,0.014619142149815297,0.014720832613294177,0.02908805508794511,0.023743266414112025
95,0.02299034709629122,0.0239723448404362,0.024944601601408826,0.021010727713520458,0.010227934660329134,0.007710259481251904,0.011771250019928337,0.02069030791638977,0.0326476511363212,0.005327353955328172,0.021251684826298946,0.28282135895931415,0.003063594954217598,0.041765870019834554,0.05520170263311671,0.027034594733439554,0.3492423911723076,0.009169107591400763,0.016757439229348255,0.01239947745951661
