site,A,C,D,E,F,G,H,I,K,L,M,N,P,Q,R,S,T,V,W,Y
1,0.0036196145348804036,0.004098500549049202,0.009534473950359829,0.005136148418342117,0.010164444243207985,0.0033454342805161927,0.0026349066007750658,0.14855435611804582,0.0030278172179966697,0.005923847975589821,0.44392207541323125,0.0043337270414301726,0.0010333064197179092,0.005170152013467659,0.0014307129167082998,0.002870005341772066,0.03542871011833862,0.2915833327015689,0.013548728896231273,0.004639705248770768
2,0.007388431683340164,0.02206019568462524,0.01990044034901141,0.020306357821221217,0.014467776751044102,0.04922386293243509,0.03201788041754604,0.012226882743364757,0.02767425353485386,0.0072247541558455,0.02568638379535397,0.027622906802408174,0.005793021921044074,0.02178396934665105,0.5632350382674619,0.03651505334221079,0.011926975130478456,0.013734409914430753,0.06359415684250082,0.017617248564172554
3,0.005627961902632846,0.6947226397231321,0.047194987151810495,0.02382143853534065,0.03207770924219174,0.007808519939983381,0.010492080442492634,0.008704271084528165,0.01096181298246506,0.0042800733433146256,0.02034939255015999,0.015225763325250642,0.0038392659664401273,0.015232978561204973,0.009615016534412232,0.017384795130839063,0.005415553630591406,0.0076609191757488265,0.008464442368750102,0.05112037840871092
4,0.008611016699973483,0.01884743319396037,0.01976527373713164,0.02134447235068526,0.01246812287910917,0.018570859410348875,0.01497366071935523,0.36421793023152566,0.013460293279818878,0.0047109776887660736,0.07400045057341745,0.030432979964645532,0.004870817765999952,0.01777416541566688,0.00398300508636094,0.009302597635146743,0.01926659410685972,0.3057545367957333,0.01999686220637561,0.017647950259119215
5,0.010750348138366794,0.008733322348216896,0.013018181012851264,0.04144375815625599,0.013296254772138517,0.7686844502592015,0.008650256666357548,0.006661680680309825,0.016078919632856938,0.0033767384353197948,0.020433617894495215,0.012587585063324216,0.003881901850445668,0.014019604667958128,0.008695946166622231,0.004479963080113356,0.0051479361183493725,0.010721447033949998,0.01761806606459371,0.011720021958272939
6,0.023559072609072206,0.007382965726537226,0.008400693158022016,0.011086340315514752,0.0137280369408691,0.007791392056491032,0.004787719948495133,0.40067120723084315,0.0081179854720462,0.005522119148586744,0.018364500895042477,0.00637225011256175,0.0014237734368165139,0.008139265873684217,0.0021780177164933217,0.002637931033846912,0.003292385913566312,0.4400604369757439,0.01860905946168455,0.007874845974082547
7,0.014061357983433345,0.014476894756693533,0.005035707347037348,0.0876376788516305,0.01053006952221769,0.019457942229429193,0.0018442311162165006,0.009594171467065357,0.0031569681806769287,0.07716023557111146,0.006554588306844471,0.08022765794905784,0.1252598872201869,0.23156689975082465,0.0035458518731179014,0.12493439758972327,0.05588649036001734,0.003058872769637074,0.0056371371776240764,0.1203729599774547
8,0.010272560233195512,0.00921473651760106,0.25331783983699974,0.013904933225434695,0.010336366339334662,0.008163602060782819,0.005059430012176828,0.015215873078663478,0.005496435781221664,0.0024735521484133775,0.018763144350153492,0.5243557863126108,0.0026790584481648926,0.010338767106838401,0.0032956505690395384,0.008485954115910011,0.06138518325023233,0.007098757525486175,0.019631326850274435,0.010511042237466003
9,0.026908426647110417,0.02107913670321512,0.017362624915926803,0.020332607633863287,0.014789586381717436,0.04330245454341911,0.015125302548333013,0.023816492952579746,0.02376815550325229,0.007668913743877823,0.029396308752756936,0.013635091188724087,0.005968160761595648,0.019066750853913936,0.6342248646674249,0.00867356940983859,0.024195322422194528,0.013293555345875632,0.023126182076848724,0.014266492947532003
10,0.010094419048629143,0.007895466643901488,0.8370760841929507,0.01527164633621544,0.00614707375648697,0.009597405969833595,0.015570784199775232,0.005768184006049456,0.00761455618568497,0.0026378735848404914,0.01774852538861889,0.016659919906762535,0.0018920586702973821,0.007059269927357127,0.003176351880410199,0.002480255932766242,0.0028879096271953782,0.005195969549498312,0.01895936721312318,0.006266877979603321
11,0.008858620583625697,0.0317593917188758,0.01291462954458392,0.01806395987073004,0.629568789699832,0.008127329445454409,0.01063717847931278,0.05051280538030256,0.011022325441717455,0.012227436710315011,0.03408296298111135,0.016253267188273073,0.0032877745337423435,0.016091739972643283,0.004078506449347292,0.03372532374460028,0.007401613499251898,0.01943341446600388,0.04391313739901445,0.02803979289126247
12,0.024608216140013833,0.015055419057961515,0.01579997166323227,0.01644154561913939,0.01020392678739219,0.014277050113163728,0.013974964941478036,0.04299374524743728,0.011832510191182264,0.006269097122923316,0.06185864066524246,0.012616627775379873,0.0039167852844841184,0.010633196744534881,0.004824003580975972,0.003960461783578733,0.004555435834248006,0.6834351063993133,0.025847918755614967,0.016895376292703913
13,0.007110941219345989,0.02228683467136509,0.005011956396855264,0.6950086508766408,0.015762722060901225,0.03516058288923728,0.013286566895362319,0.013680430607470456,0.02579162157814993,0.017823520793217078,0.030201157571092763,0.02174742189115322,0.0034344210024860843,0.011702779649727251,0.005327074119174404,0.0052982767220908925,0.008522810501328025,0.020629640739466958,0.02167498713318185,0.020537602681753316
14,0.03789469608477687,0.01451718529576478,0.02990136393491456,0.022020404712648052,0.016377949900700385,0.6669612874063109,0.00995186166011155,0.01511603288710437,0.017372553690383524,0.006260400981446379,0.029673550373531737,0.01321499169769989,0.002982773967134494,0.015186031450451058,0.003636177004611754,0.029757349276566914,0.011697503754995595,0.026015009923240785,0.01996615190350396,0.011496724094102349
15,0.0034106695406687635,0.008064936336609426,0.009809813462759127,0.0074663890487388475,0.3375844746543985,0.003849403233574949,0.007028518447847739,0.10535276785677863,0.01663152502910808,0.008743476285414718,0.33155427635499785,0.0077822662298483915,0.002303105915114225,0.008664742759195206,0.007685918553032343,0.002779303157050207,0.012205758893842301,0.07005842617131806,0.03942047961075125,0.009603748458951403
16,0.05883650255895238,0.01063627964898589,0.011097598528167463,0.007806300959529074,0.009542445727226128,0.004554275295576937,0.05646896625263627,0.006286225415765179,0.008668652543177181,0.013640920862287584,0.015676259187292232,0.012329997290786958,0.006234079411983295,0.008855050582447193,0.014326201933512823,0.6579697270173085,0.06820951545823,0.005429996478680482,0.015029452516638273,0.008401552330816242
17,0.006349646603349606,0.016310902460362185,0.05402114827788913,0.007160341489962038,0.008988126327679384,0.7561599846058623,0.009830880379430999,0.007032880400533679,0.013484028933888897,0.003708866068756114,0.02610467499531328,0.010322303628117502,0.0032180964634747115,0.011014363696314327,0.007482381508387951,0.014152357929203347,0.004302468097269127,0.012413261937551356,0.01502917501192069,0.012914111184733306
18,0.5613488888827728,0.005619645257024941,0.006789322719746582,0.011643433879897256,0.007167458727382793,0.32497988921772064,0.006602803713254685,0.005577139292097037,0.004885660363737945,0.0023819995560839117,0.019179622212840444,0.006826164084783224,0.0019908233659631856,0.007291593928582715,0.007738963117725174,0.002317410339921633,0.0032237396243922378,0.002057920192080097,0.005160259851128267,0.007217261672864512
19,0.0501160454784026,0.009765440226507134,0.011667891486927508,0.012502757716144104,0.017425376826302855,0.008143719599964312,0.007524588367467837,0.07020997592244256,0.013139070220281147,0.004928927413522374,0.028339851241937344,0.01962553050660498,0.0024995151075376636,0.011934670712790535,0.0051338015481171735,0.008308327128753137,0.6777507440524496,0.007321385256981971,0.021083540767747603,0.01257884041911759
20,0.006467179351743856,0.012422711031950109,0.010692696122573866,0.01171376849209153,0.012636947650435744,0.009536088223702279,0.012096006057272875,0.009028650297203785,0.010583204992374988,0.0037806631428466977,0.016077786363414812,0.012031564827619596,0.004763690444535311,0.009978243319513155,0.02039257607883188,0.011255532743148158,0.008187850503554542,0.006252271711969672,0.7986450797514982,0.013457488893718908
21,0.011480609381222853,0.005462205808451623,0.005715102659600918,0.007276407083780967,0.015123708155777578,0.005275846235293778,0.00569142374228174,0.24825227318694187,0.00715787635633105,0.26272295318001676,0.013442916071762233,0.007281682626121176,0.001337466341000666,0.009065247282356186,0.00209812473319387,0.002950660305783719,0.003115760127891171,0.3628787020095466,0.016276958074641037,0.007394076638004215
22,0.008230967861221449,0.011455174630811268,0.6726187697326647,0.07998100680982688,0.011102675819023973,0.020249523653945063,0.016008995249996535,0.007612439654822231,0.012408883718761605,0.004303404432017981,0.029344136424095564,0.02101048774212074,0.009741874696036752,0.022047498967043576,0.005265368648973768,0.006654029004818334,0.006354862356248432,0.013296364410738625,0.011219533151735427,0.031094003035097167
23,0.01716639926705713,0.009532021781600718,0.010270601337422745,0.010382824919084793,0.055744326186777826,0.006110538460604466,0.009824045662607243,0.11536587379313384,0.011676608786385026,0.003898369888574252,0.05453225571725071,0.01016217104262435,0.004216210404055035,0.015071671389969947,0.004824191122920822,0.004190615253105226,0.09091599366304155,0.5405642064898931,0.015573084258293443,0.00997799057559778
24,0.012065257417841703,0.01159402873527595,0.006480858607315157,0.011109437758484289,0.007256348290891061,0.0117853766423961,0.012836076783431684,0.4487437112934367,0.01510242806652302,0.007798531228056391,0.04170432932373906,0.008667390877157743,0.005801068490444301,0.010846133091746537,0.005820068650764877,0.004095335561612,0.004835876835554595,0.3442297230518756,0.02051220017033603,0.008715819123117167
25,0.009588251354384618,0.015692445326910453,0.016562285026237213,0.014849582047862629,0.006503917214047096,0.00958203097311099,0.010581024616131796,0.05954857614585827,0.015679998854845327,0.6864897764456993,0.03116701304855092,0.019934678474498167,0.0027695230548972333,0.014919670304173314,0.004975482888187144,0.017596470074545404,0.007304304223595368,0.01918631115236617,0.022636688909948983,0.014431969864149602
26,0.006969585239282351,0.01961394747450187,0.02730427862391165,0.6629730397404323,0.012987645472781,0.027791968745116462,0.008039607035346544,0.007863557525268997,0.06267374841750542,0.005701501954080935,0.026356175439592573,0.011537805202775014,0.007756507071448791,0.018467684055326988,0.008377040588257948,0.0050489204540747285,0.006219410003415091,0.03617005609012782,0.029305299260209902,0.008842221606543636
27,0.08815364676665857,0.0019813498679177428,0.0365224913796644,0.005168159650995477,0.006147878933056852,0.11797038845258814,0.06883883254470463,0.36672292665924805,0.0074405985099993245,0.07661331440362376,0.08834474373797695,0.03809062461542664,0.0036368449940210653,0.011447116588060953,0.004003635428812196,0.03376352202216964,0.013259778761727395,0.016486969150263472,0.005848273349079703,0.009558904184005065
28,0.3601867485578604,0.005293905683149025,0.008742969253891399,0.029151705663834297,0.0036614825352061873,0.2717355379103937,0.005136075575914787,0.0026608746218862037,0.005358823921441129,0.0012407666903402007,0.009989390914975922,0.034265799435101885,0.005239080955846565,0.020293610788559985,0.008505520529062238,0.13909375281771041,0.07086427910111263,0.005182608788860635,0.009460848128788902,0.00393621812606354
29,0.09567239102768531,0.0875959403135077,0.003579238125512836,0.03471106647449471,0.12471983220735117,0.04491501406819988,0.0011727246946985819,0.00081347403126491,0.002546850070306974,0.3425295728006329,0.006202740143534521,0.0029759411751688392,0.0003791147304504662,0.008535680118278067,0.00029786610707833983,0.1682634987104373,0.028156939947990456,0.0037784883396642164,0.004902239335396495,0.03825138757834627
30,0.005657755677318128,0.7001594711624184,0.009812805482482952,0.015202940426415424,0.010772403341572099,0.009006649046307547,0.017690947762659528,0.00853688149237562,0.017886771072828905,0.005282634493703447,0.026158818514956165,0.015047087424544511,0.005624546997151151,0.01967795690447181,0.019968048856894592,0.042218587096929674,0.013168759711524158,0.00956623766629736,0.014719351476426038,0.03384134539272258
31,0.01677216556731581,0.00647001644174292,0.011183786206298767,0.004630654483149906,0.01314215606529863,0.003004434021442958,0.007160212251021564,0.03109465239473257,0.008574366477157841,0.04016770689832794,0.014045786850830468,0.008016151638218585,0.0027415285865019035,0.008245392479002715,0.0025743807581789548,0.05786140169353416,0.3290762331357035,0.4151130469531052,0.013086968451277351,0.007038958647158316
32,0.021442330755407156,0.009329001636294534,0.010080895203715903,0.010210771276758604,0.009552456985936783,0.005796956346806982,0.006300429796646141,0.01601858276463709,0.010009198066282034,0.00337655476505188,0.02124341770625304,0.009336423152293105,0.0026237153435217752,0.0100506989820896,0.004098569379803432,0.0057251949224971085,0.8145930114688176,0.005681063169372197,0.015492819201951414,0.009037909075863592
33,0.03531308668183235,0.01078837384710051,0.012634904553260995,0.03399114628270406,0.011573980165175326,0.01851669746182111,0.012700069025909656,0.02741921264440431,0.009150571852841584,0.1142139595764941,0.1544253962413993,0.01932001293197913,0.006138011243331734,0.008903494224911346,0.004493353997758186,0.0048894406180599636,0.008771703661100218,0.48073621214339457,0.01190340369621461,0.014116969150306937
34,0.012152147793945382,0.016492629435480775,0.01938752162145199,0.013666635986857287,0.011161811885511463,0.008375305411399777,0.031214771339299216,0.015697960521068584,0.03685626336169915,0.20317147388400275,0.45784331375915727,0.01114089169883792,0.00808928062879849,0.01759938543951632,0.004899564437263729,0.017529561917480393,0.02680755693588703,0.01572245827643353,0.026091883048020917,0.046099582617887984
35,0.14468632417740276,0.043621535640345654,0.006158000317684894,0.0007014475394638252,0.01251428221890861,0.15559936315520104,0.0038030559815514764,0.003939340474967232,0.005924337266424488,0.0025621418347645656,0.012097164866588957,0.00778637082794954,0.0011167077090166162,0.003980361710336185,0.001851177675421841,0.5522204342656997,0.013143598773045266,0.005329252251747707,0.016077441130881238,0.006887662182598308
36,0.057782049987965454,0.007783952346674164,0.009624558328619059,0.09169110540827134,0.014971542274715881,0.0042330236686794675,0.009081469646709537,0.009272233057907293,0.27707417545009827,0.0049461934597984595,0.22584085545675803,0.00758360402944732,0.013302086605075442,0.08857643160275767,0.044503618388292455,0.05225895491401382,0.03302982807359954,0.010516637578651705,0.020771498397001573,0.01715618132496348
37,0.31037439088609353,0.005335907030660793,0.0800994941200574,0.018270684573808215,0.022506368423663728,0.07063995340410763,0.011279341098617083,0.004470152770941202,0.01717073180608929,0.036800391796207546,0.026865481297232655,0.24869399915636367,0.0009375575871797887,0.005399799737567346,0.02668239374468113,0.07890252317798363,0.020144738298760047,0.005611763405473873,0.005537215043050458,0.004277112641460984
38,0.07440517063464766,0.017633830149195867,0.013469452638314755,0.03234640600174745,0.012238799654079013,0.0038678838423859907,0.023688997723426777,0.011898464676499373,0.4675174860342515,0.01850789424411495,0.06738552958847638,0.012982495093915233,0.003962356621424917,0.010490469933575757,0.17489784438178496,0.004222184204639288,0.0098098766072548,0.014469366217178058,0.013095444827288217,0.013110046925799089
39,0.005450705228769084,0.017120165344721973,0.01708084572564163,0.018744870176396772,0.021468227104856605,0.01079480206795667,0.010010723857003986,0.012936624997033845,0.025011696895827423,0.017874635021268348,0.030634306868973834,0.023515897272173607,0.6427525172751766,0.0067042374381222555,0.0065586275084385,0.06682172808943594,0.006384673571204017,0.00865819335487416,0.0321121520630892,0.01936437013903554
40,0.025515666338281336,0.02629047759431538,0.01266467309086704,0.013616611976575025,0.018914925049665427,0.009480198752903853,0.010287817618148093,0.020939458606668508,0.018169100656144084,0.005982355697407764,0.027789076697907172,0.013860536602553361,0.005373069618156063,0.012866913243136388,0.0046225967117752365,0.03453026842815921,0.6799579838393356,0.00876844947749654,0.034285950888074,0.016083869112429944
41,0.012854083764779105,0.008210488884977522,0.00869867536711086,0.00613727753530697,0.11984211109757739,0.004505490680007851,0.008585255775377679,0.025272755789299425,0.010998722456735832,0.15877053095082633,0.015776427194722147,0.006337845272388664,0.002553940947085572,0.008632417949854075,0.003229410780828549,0.0032091216337068024,0.004331764116874828,0.5615205083106927,0.0098529599241193,0.02068021156772844
42,0.004858917086388398,0.012005992977238535,0.7349901093439335,0.0190164371008848,0.02120379035690151,0.019117304664371716,0.010187304358908236,0.010156650219273977,0.013913093982720275,0.0074343456322332685,0.02868036670867107,0.023136137191599893,0.004612506256173252,0.012678286459839476,0.005971884946022485,0.005784052999049115,0.005566371391813882,0.020058669291640196,0.02539470164644721,0.01523307738588928
43,0.007545652183377684,0.014707051227142318,0.014528397525710505,0.026604504635023882,0.042344668807726235,0.009931949393953064,0.01962161959217663,0.4891912777667383,0.03758302721518841,0.051751294952946135,0.03526458720890773,0.0266403145040812,0.0034772646827981434,0.02250321920292523,0.005765513032576095,0.00596496662965988,0.029956214576942558,0.12022969094352691,0.02629881652621543,0.010089969392383593
44,0.02199619069518274,0.011803055160538973,0.0321632825542502,0.6988574897055407,0.012809631922196902,0.021261095343924702,0.009489710442226653,0.008946285510887782,0.019207564387481744,0.011758899281532021,0.03504793177232609,0.008649374716438347,0.005473474040307914,0.027354383864148825,0.00678990243339439,0.004035218856650301,0.006235966738891355,0.025415943333256513,0.023397242938119258,0.009307356302704605
45,0.009542144665096664,0.02224742153607776,0.030745636745710903,0.017294717710084794,0.011953785049933404,0.009645120906049118,0.02792287543390449,0.09656958819441018,0.015951831515679242,0.5979676597166689,0.01856420142942082,0.026150319282323732,0.007590235598693214,0.012333869571722915,0.005044532704683213,0.02742270836571504,0.012908352364877073,0.016614007394293976,0.009893051099843692,0.023637940714810922
46,0.03981161867225798,0.011377555838711886,0.07986395364261348,0.0670262851205435,0.016760898199380012,0.005034380086345164,0.01097458284903345,0.02664809320966961,0.01522560299692064,0.0022064064129475223,0.0138347483712056,0.009228431010224443,0.0021014837228231628,0.005476182434279058,0.004288889189019223,0.058355617176741245,0.34680251871459133,0.2454608827797017,0.02193565073293959,0.017586218840051397
47,0.29459787713691477,0.002979138640652298,0.002826298728258809,0.004050688715093973,0.004099159137322378,0.01951538133343104,0.05393346879224199,0.061583969772011346,0.03422650417932059,0.06366031977167608,0.12498579994503654,0.004362319751746344,0.0010120300449006276,0.0022115075140329236,0.10655159953753848,0.0629910528824718,0.07831725964604831,0.0027281081826171076,0.0034836251945528007,0.07188389109413179
48,0.29730060293674365,0.020146601823938366,0.008083449679641516,0.007345075664379546,0.015781304277713192,0.004309661661032067,0.0076698890660117005,0.027152646390658727,0.006377712553819329,0.03616254893098479,0.03064529208093416,0.008982844394553985,0.002028943087047579,0.010252175493221967,0.005655569433939255,0.15308777513013855,0.25873887943564416,0.07385917075127725,0.016273074549352513,0.010146782658967698
49,0.02026201787400886,0.006799399751973607,0.0025713324365638193,0.0027673114612741592,0.0037650048342808945,0.006963471025526536,0.006148143243537616,0.002940148735399939,0.02305598848568327,0.011901784132949823,0.025316904277303827,0.0020621358984576838,0.0001412321846708421,0.002331304852621494,0.03676683894437315,0.3556683063815636,0.05542024791899917,0.40509202522515464,0.0037061242879650484,0.026320278047692033
50,0.04035946628537723,0.017220124213929978,0.019189887971251315,0.012475429844642413,0.07679465770622343,0.01704262964792623,0.00865933072465481,0.019302219950173675,0.014001779358904854,0.014156400913179646,0.02579694979669312,0.010562352454166665,0.0025542723645504903,0.014855610549787696,0.004168506470212418,0.004082117978631296,0.016877440156060478,0.6441805373088061,0.025494172226741996,0.012226114078086115
51,0.06755961869652319,0.013701044093971628,0.015028331677590535,0.015122123254344,0.010963983426491665,0.023278449884854013,0.15309510291001838,0.01310457593381017,0.010617467902246349,0.014469486556638253,0.019433002089583276,0.012695929989812157,0.002960077167047167,0.010653300654606518,0.0053719122407864745,0.39114443743799804,0.1751215426451416,0.014242052871062722,0.01892066733927201,0.012516893228201906
52,0.005373893672598611,0.009592898423401004,0.026456147541337554,0.009168499380019696,0.007673770482251694,0.3795931307307585,0.11492703293358998,0.013751755394266417,0.004755358388092503,0.0024650498643040615,0.013220282271070753,0.30225014257688354,0.00175395945095385,0.01818155949627909,0.0029609527389506704,0.022524972431417854,0.0022436825575792648,0.0056988076187652935,0.027218972136580203,0.030189131910899437
53,0.004180644419816343,0.05667378281791412,0.014338592893952338,0.01002675964905182,0.028066848215192435,0.003784714454904079,0.008697694721181528,0.009554757374940012,0.006189407257418243,0.29151986189782153,0.4876523895958645,0.010070152639171272,0.003367769013581704,0.007430036556136938,0.00426912335612485,0.003968567274494586,0.016957287951905157,0.015325139295943663,0.008314639875692614,0.009611830738892239
54,0.7519562423516624,0.011257250506776246,0.00639279963566273,0.01161416514608921,0.012290079309724125,0.013399121738926986,0.009130334550017768,0.008411426885259933,0.014933615847732477,0.0047416579038963074,0.028008195305063804,0.011870544697033606,0.01061091443683757,0.02030319540798827,0.004459410744130751,0.0077805838218100234,0.018773122330719438,0.018235694126215122,0.02161887861527492,0.014212766639178366
55,0.07825517972725607,0.011681366205985746,0.01687276597683939,0.15028670860226684,0.006060939388840828,0.008633413824284761,0.03365429897020195,0.017915990168891505,0.03799858256405966,0.046605918076801096,0.036209157573763036,0.0035405970088566805,0.009659153271784949,0.0032772059246289438,0.0022156542388921045,0.0742777529550588,0.3022715015185307,0.13899928688626323,0.008928434139967344,0.012656092976826322
56,0.01706362099771513,0.003290699674359591,0.005174298358236639,0.02033001536918398,0.0037449157754930354,0.0018064295111373412,0.0032676255004713845,0.7143014708961275,0.006702969735516035,0.0022650425178324875,0.011009223403171037,0.012878894548372504,0.0012456651509945955,0.00518289567748633,0.0020334067586070263,0.001401486582082512,0.002142907309767451,0.17439578068310535,0.007761211025380158,0.00400144052495998
57,0.010273408506879007,0.007510051302354205,0.012525921232394564,0.01276751509663616,0.01350683809131561,0.04189310966572131,0.010733166621846368,0.01049124587719571,0.09683204655178147,0.005528344334128222,0.02706596137224228,0.010220931880996006,0.005692504195467345,0.013544476804004404,0.6581186743478291,0.004489298577630244,0.004968660745838467,0.01230938063617832,0.025968965226609225,0.015559498932951873
58,0.26162408283109534,0.0025599115245339785,0.04143261988774596,0.033738724343000535,0.008283982552005537,0.014013200802918237,0.015643559980960144,0.01471202828312423,0.004045550148092517,0.0024158076297337394,0.008338826118565642,0.028797692463748137,0.0019289629248697385,0.10706302228045085,0.007426953876776076,0.3198111491539791,0.09126384540289989,0.02741883729828643,0.007055287595083179,0.002425954902130684
59,0.010480320754303009,0.029080885106640034,0.017573310272748166,0.02058603083940686,0.014101324941344421,0.008013432305671845,0.022498635358020717,0.012305362071815372,0.01760364461933947,0.006953764953710764,0.024470154901095855,0.01688068492365208,0.006364179237206616,0.01423133324649726,0.007939139238531994,0.011684296755620625,0.009307801908372796,0.00933027232498828,0.022862166359354563,0.7177332598816792
60,0.006711212000156724,0.6764940429168073,0.01698727957737921,0.013795429721477083,0.020545440179972965,0.01001536143400499,0.013400267845925597,0.01486017434037987,0.018604941355531424,0.005862810572669403,0.026203027077867192,0.01403285021877119,0.007969168121329766,0.011245125170578145,0.05326202146191106,0.008768099305697776,0.01132746898183639,0.009365894280959018,0.01285042014407997,0.04769896529266508
61,0.0037425511378865756,0.019811974300155414,0.005459535031657122,0.007097871390249564,0.17425261587803426,0.004137669463109551,0.01308519879079143,0.013572287865876234,0.00879524433561061,0.2121478715147328,0.045362260477594486,0.011345937123655255,0.0010691867793936655,0.007190058400816666,0.0024664790369810998,0.0025870968123396444,0.1447864806301983,0.08628901721962541,0.01722550176241986,0.21957516204887206
62,0.05278608652335202,0.07792506311635126,0.1544622993745551,0.2994103347197124,0.015344793222085568,0.018133779145569077,0.0338758642345871,0.04396421177230897,0.027858617698660458,0.004326716369795787,0.01907645693807741,0.01372059848253125,0.001933424210871432,0.033208387544543604,0.0038730117385878367,0.07369845965076649,0.01997562789156232,0.03296914797634755,0.020166328419052873,0.053290790970681505
63,0.5241737600023482,0.023041026297692797,0.017973818108709246,0.013476113615285385,0.024640926482912186,0.017964181827741565,0.02149729763143039,0.02436369338471878,0.02731047684864985,0.01134887635957317,0.03819216622489678,0.01864149211142775,0.0036738783080560843,0.028113764847130768,0.011272992845317794,0.09649321227919525,0.016811053146435485,0.031872518628261605,0.030670961509832353,0.01846778954038463
64,0.010912781038428914,0.004674386156165001,0.0023229511405969943,0.018558962843548646,0.09355732113520153,0.06497443781026759,0.22001707869672954,0.008315862205490587,0.0018294082392808575,0.019092981743289255,0.00431623024112059,0.3709875717339788,0.002600988114788376,0.0687154748039701,0.004254408644651732,0.027017212178318453,0.048092534380453716,0.0037582772931452576,0.009899049765525155,0.01610208183504894
65,0.006838676966479473,0.00802189694757813,0.00594378984301366,0.004780354896452821,0.008198473066733419,0.0021663891937855092,0.006425773580103516,0.2175478979653099,0.00928558011095547,0.35736606732716325,0.04488576444006901,0.004868823809463902,0.003828865510341625,0.00475059988518073,0.003001998440611028,0.004117503747830085,0.018618838347062263,0.2745188215122076,0.009034321533835585,0.005799562875823
66,0.04180194776416816,0.016375252396947124,0.006667240291558575,0.02556357734044454,0.023904906531147206,0.04112392581368468,0.04133918299013779,0.007718732546400986,0.23265574794210533,0.010465434431824523,0.007917605463082874,0.0323149082185144,0.017561184375053808,0.006179217161137954,0.06533718593568022,0.17134364981251562,0.03154472875345789,0.006084693714604276,0.0529906261683636,0.1611102523491704
67,0.15517494161437154,0.008775105489805294,0.3033057913149558,0.08248602117007207,0.007809629752294333,0.016926912491125684,0.04067614518275807,0.006339328840808151,0.01081599011099893,0.018938596423319295,0.02497294517913373,0.10394481122080902,0.0010806616621052668,0.006553857216564378,0.006076521566217719,0.11150021264484444,0.002582325850404321,0.01464853552107293,0.05737337629499836,0.020018290453340703
68,0.05635119657454155,0.022011152160674403,0.007370787931352372,0.0036822521901596537,0.0037803945601959234,0.0017910535315766886,0.0031989001815330943,0.09825440022479821,0.0025909480740811475,0.007818439174228777,0.14953176054546174,0.0037127215000220984,0.0010271781323873633,0.01593237687484993,0.005609093608048722,0.06875625046022062,0.21905633504300395,0.2944673817743048,0.030085112896134938,0.004972264562424029
69,0.05466764587406239,0.03885838367386165,0.0017418261338080796,0.004617554187880331,0.004028089222327438,0.01872673671773719,0.002188589610946085,0.08720702761121339,0.00356417194784635,0.128562663800678,0.005962301504510506,0.02065634390603268,0.0007381217099552881,0.3568731499771081,0.023296302703561613,0.009831280269990193,0.10167537477790631,0.11749227021409601,0.007386725484903701,0.011925440671574748
70,0.026327495894880235,0.009372904630919918,0.01523768095513405,0.010682857383909007,0.01738818702540004,0.007937310046184008,0.012243913126656389,0.022366070345156048,0.01136533679533767,0.025007015224557814,0.017426084061317765,0.020300640862715307,0.011373982112155416,0.02839804018724299,0.0034771240009145374,0.4952715528782058,0.2097476458162463,0.0066405983179935145,0.03205953753568842,0.01737602279938477
71,0.06997687791796119,0.006019969595105077,0.24491310391582896,0.4723185593485784,0.008264759251360235,0.006914582200532752,0.006720896966300728,0.02506137344221538,0.0078080044417604515,0.002760395733975933,0.016887977298906832,0.025792129085246904,0.0014951007314783218,0.026053171566460958,0.007290741184789177,0.027276423936234768,0.012834308630175411,0.013613397032330663,0.013549117395014874,0.004449110325742986
72,0.024817276161783808,0.026651604495909833,0.013325580697170037,0.011011618405395012,0.014471027780227947,0.0351694219962569,0.014259028093847069,0.022362084312216587,0.012129813893296358,0.00483575566890341,0.018333187907503098,0.04411807930755238,0.0068358611933489995,0.015743247438339103,0.009258521923835918,0.65673864613482,0.03359783204998334,0.005882523379851019,0.01681086880405283,0.013648020355706364
73,0.01044178212362879,0.03424276792015278,0.012337710914637652,0.020514094444056868,0.018284989163082868,0.007977000025958686,0.02096355740007321,0.009899593143357362,0.40535749573727853,0.010154771124264925,0.025152843638005528,0.010545749217872755,0.004437034060189611,0.014265011522743563,0.30933220980190634,0.008445421841873886,0.014992786277621887,0.023981753821961667,0.01711173787307365,0.021561689948259435
74,0.010052563952605365,0.6339223347504882,0.022250181403877273,0.027893217435397206,0.01424569746965368,0.013063933119530509,0.01076790682452658,0.013955461499727468,0.021480964342543072,0.006505674728136591,0.02641850302878854,0.017818931876423687,0.0051657417930492475,0.019968522435072203,0.026011349049435466,0.017159752797878333,0.008675208792475327,0.01586954194983198,0.047878701176472575,0.04089581157408678
75,0.008132115820917104,0.014084366734518699,0.024693105211249157,0.017063746884693788,0.01828707458700971,0.01107956417505365,0.008822246098686136,0.012045515298941383,0.01667607784488366,0.03274898977992128,0.04016883870968172,0.01674296990071441,0.6725917618205667,0.012393684660350587,0.005456162570640985,0.03015730088254929,0.011372637298502235,0.010029389547299901,0.02463116619611238,0.012823285977707303
76,0.048300721492033245,0.011868824649234192,0.019366203808111895,0.010096965731824196,0.004787279972977015,0.005525247033884862,0.004015250109748942,0.007557073443038216,0.0034884318862343777,0.001966908473732367,0.012052579831172403,0.007279525878541645,0.001607465108558506,0.01297192850695253,0.0023922905743399983,0.6444610949300883,0.17454932237845008,0.006004886920173717,0.015774240831248443,0.0059337584396550735
77,0.05707917319624525,0.009294946312921186,0.011985098938374059,0.14925523454542303,0.007914316613944785,0.03688579745180266,0.009639470077778108,0.00937402922309031,0.009812771412098116,0.005487703834614937,0.0878948899184217,0.11150972971425999,0.0009406959810677891,0.427880747531165,0.010991935163976901,0.0065132355865412505,0.0029815374908810028,0.007606295589132597,0.025670175363941807,0.011282216054319559
78,0.007712537649651395,0.02288631777829952,0.013235993822588898,0.018008349314379654,0.01490224073860657,0.7528368543047079,0.007761109953099383,0.00948822475740121,0.009942263304554395,0.004082224403421479,0.027794957844772553,0.00981432630853295,0.0034726697644984297,0.010349107639293748,0.014476484905236262,0.018490621166774447,0.005317878228331774,0.013993773261150134,0.0203047859617022,0.015129278892997079
79,0.038125121362948926,0.017344827463609713,0.38983473830733134,0.19068967128965106,0.01680435628447604,0.024159707228301772,0.015976090542497358,0.04258963378604909,0.013216573705343472,0.0072529635748166685,0.04764634109976463,0.026178451553414306,0.036513237192825995,0.01934723533055375,0.008847680460986896,0.005792778893872395,0.023575968590074103,0.01793631607959126,0.04025846446563174,0.017909842788259505
80,0.4595560879381197,0.030381225813397167,0.008096455686880425,0.02275776669725683,0.0353568810594661,0.041920598948046665,0.027497666411950006,0.041759522706244556,0.03575281682620174,0.012201546931251752,0.04532148064960194,0.03070353480941781,0.02406668467124981,0.030021067000904185,0.013124294135844997,0.005967323071917371,0.020259855704857898,0.04965058455074202,0.02899421872078013,0.036610387665868854
81,0.0013333388724214713,0.005282229732360527,0.006238973998244337,0.017416682194479227,0.008253079891072915,0.024321375476593167,0.22449075916361935,0.010816797428982875,0.034839561967041945,0.10539893797947639,0.011970421193713575,0.07276049593310555,0.0012459349060015838,0.0061346267710827235,0.025932280762767743,0.05059416922037145,0.20595094496448973,0.08430959003261261,0.005677424213199285,0.09703237529836355
82,0.0037254014851945856,0.050524457125086956,0.02368090674376538,0.01142532634145208,0.030320695513085114,0.003520996603550978,0.020444671601520685,0.44084142078819905,0.015552028701428796,0.2743130551625271,0.011533427711112026,0.0114776590734965,0.0029105639440336686,0.00612680396840532,0.0037789857918644246,0.03196569231142587,0.022812804376830576,0.014578393218868757,0.013331938476634744,0.00713477106151736
83,0.08724738609492809,0.0032628732569788994,0.15602551703497142,0.09644836200035409,0.00536284589657455,0.09087835677374421,0.008953381296986623,0.08284953656675388,0.0068425255454415594,0.055730709105688184,0.010414380553235795,0.04454777935498853,0.11891719323980444,0.014413183823190234,0.008298407655455165,0.026680517656713323,0.043521692749982584,0.10902764957217868,0.008205887052935288,0.022371814769094455
84,0.060906687970990754,0.03303915475845028,0.00871674287594839,0.006197606338402632,0.010669666180287678,0.11685619868495215,0.1922510272606957,0.01999325498985962,0.08824353633771896,0.012946513304744814,0.007548610367712476,0.07054984607382798,0.010610309332857016,0.1946642179602218,0.04514010798735825,0.028764638285280853,0.023972653426686814,0.042074842444060755,0.006353056397475938,0.020501329022467082
85,0.011527340204531543,0.0011914851542768337,0.0026400400610015703,0.009495698659892,0.0024877273592066092,0.03887715455684483,0.005574320210110539,0.0015221819556490786,0.0014076904056388709,0.048184064897543566,0.7263104120716208,0.031072564869277744,0.00014124845375575835,0.035830875613273624,0.0030859742035250193,0.012954594589352966,0.004824997101420341,0.05565708825333543,0.005795594290834208,0.001418947088908738
86,0.2684696371643172,0.007834906946729484,0.007411232698682979,0.016595268599687945,0.007543460424252629,0.026417985703782506,0.00788575829049729,0.032602474657066054,0.015060697542254366,0.12982666046428226,0.011408063054012483,0.00722961863829384,0.023716068271105308,0.16437942717535667,0.0021814501356907548,0.16608384204863033,0.047157295909190995,0.008570218679259924,0.01133554695059578,0.03829038664631119
87,0.016499857289396003,0.012064060648533144,0.43890832025843757,0.05268580613807388,0.012708206210845037,0.09874935706422935,0.028099995265506182,0.012186147022802437,0.021082782900631078,0.004828437484907839,0.03748710149363592,0.1251987610556329,0.001951379422294616,0.021197553354297752,0.005008826070857293,0.06485868442764291,0.006245841950860388,0.00536838597916418,0.02327575518725116,0.011594740775000343
88,0.0017245860218263072,0.003215158254734806,0.003287006699204519,0.11741947306206768,0.018466519338986537,0.0022079396377087932,0.0011104071496192266,0.0815894082906011,0.060043907176899426,0.0028961961995260946,0.01185915841523378,0.19687178238725858,0.05023462978316814,0.02126813170445525,0.04877994836772331,0.12674485555211626,0.03744595360559307,0.008153669246478508,0.006225593362558635,0.20045567574423998
89,0.4852487519541586,0.03542416403112681,0.026230837130509797,0.0544588630941705,0.005029644668197274,0.0035782168076111944,0.007750738052734478,0.004082749036325218,0.01509254851138537,0.1393597140483418,0.028988285209662387,0.03283131058766445,0.0013277901823569877,0.09004651090056169,0.01729813642228804,0.002345708444052366,0.005850788464338287,0.0072813795839432255,0.02906938335101659,0.008704479519554944
90,0.01791891180466843,0.04782678524886216,0.04505529310210644,0.03024357836827353,0.02281871458266615,0.019860572077301773,0.02987872538043992,0.01745925334500186,0.02659598306835515,0.0209915224578449,0.0370335265895412,0.047142422488318514,0.008694828031768773,0.016522748921815416,0.01895976002451592,0.02298505542737507,0.01524415021563104,0.019641828891122943,0.05786678640172529,0.4772595535726656
91,0.12617242474236892,0.07583407923296619,0.01242296689177801,0.014606025230348431,0.0196381501375499,0.00613632774624312,0.08533930966222131,0.037578447026077905,0.020885073931409426,0.12493575712179622,0.02379055291468959,0.023013895575004155,0.002376062235613894,0.009051312976830614,0.002900384134046742,0.018117090234965265,0.06443556476198938,0.30514416797528515,0.017377887102143184,0.010244520366672586
92,0.00842520767453479,0.573786318279867,0.0175172746709675,0.022495172020461602,0.02157969122507118,0.015575008686882058,0.01768797867424446,0.015922924252344345,0.026485650010100153,0.007849517174282995,0.034580994991082414,0.02242954611566227,0.004468071456978569,0.025819826559127807,0.018628139359373522,0.0329791211599959,0.008659853568316013,0.0114524879352418,0.06067102278854135,0.05298619339692427
93,0.10076530756909392,0.08406132506351592,0.014807370785338453,0.034291739213177,0.041202088860987064,0.047592694442845106,0.06936616188256625,0.024589929758976874,0.3065497833388658,0.00343220759964289,0.021384256040587177,0.02576087470269609,0.0012746124556291102,0.0718479253653407,0.016042900502067473,0.015662808731748877,0.07471632461381399,0.006790372254060993,0.027346837420923094,0.01251447939812319
94,0.08905850085157516,0.014365118364809049,0.013293545215852685,0.13104656559560965,0.019147233280459756,0.08354773575312656,0.008493739644449237,0.007462433369444287,0.02830437819971597,0.07647443873416841,0.016621294218776887,0.011801577699436759,0.005138051106779393,0.0073075170973810576,0.1820013125160728,0.0899364441489696,0.06353602560439786,0.09000789810282511,0.04139633852531701,0.021059851970832818
95,0.061285359398691494,0.061737836238512374,0.0143949904280965,0.027936186699480236,0.01761751160130782,0.006423702256890003,0.03589879513934818,0.024220976708175652,0.08052123287239674,0.04446087563398404,0.0685241386418532,0.006297137168221642,0.002315547661484887,0.07616195808489437,0.04849226057575363,0.1314948327018181,0.2165517347879713,0.036561585189340905,0.021300940493717842,0.01780239771806106
96,0.005055666447237083,0.007374278288839135,0.00857563041918193,0.007655023403298401,0.3226204735554811,0.005589860590178278,0.006401158744702336,0.01820499094874134,0.011006570306962822,0.29869267503929753,0.018818379282251094,0.02665752681540531,0.002873658799625971,0.01113720802092674,0.004699149924863296,0.01766173646428996,0.004482891988013905,0.09862684192733877,0.06746786524526846,0.05639841378809656
