site,A,C,D,E,F,G,H,I,K,L,M,N,P,Q,R,S,T,V,W,Y
1,0.006846965234393227,0.014817009377677895,0.018491872224354066,0.013252372910502271,0.010318952488333645,0.004623334571713076,0.0038674052226358997,0.22229670688971637,0.004022545654914952,0.006124924782824728,0.007799868477362257,0.0054901524415926686,0.0012454607214031216,0.023651697921802814,0.0021384450490219815,0.0018250874368384775,0.6033507801297042,0.027643554160667952,0.015431654895778241,0.0067612094087620474
2,0.008280739577661629,0.01933795584093438,0.02643907311327709,0.015127846090919763,0.022471593334370373,0.09954865192220468,0.028652631655770273,0.019313414613922764,0.034572403096079216,0.008025353477570845,0.014423668021381682,0.025181211546438237,0.005992390739205032,0.01572579782856529,0.5368396950013106,0.015992365686991177,0.019707303078286418,0.01230138169057655,0.043836052773669386,0.028230470910864544
3,0.006706630170752016,0.7229718277991072,0.02012829735133409,0.02003456385250658,0.010618723932794501,0.012238206580446862,0.011102976365197475,0.012448785392329234,0.013380180623517842,0.0049322156109148476,0.013922626486428726,0.014214784510664848,0.004683222729887525,0.014376611957735116,0.011253295294748854,0.013393071088717755,0.008299230868961248,0.00671831846839234,0.024609394727492455,0.05396703618807054
4,0.015924453972789486,0.02478696189699499,0.03405250146181829,0.03589826656879953,0.021484734046029432,0.011192375490914801,0.014113687330005044,0.4463817935346312,0.01461545109123173,0.02992870156810111,0.09211108200313921,0.05569533302797804,0.007749162658236587,0.015228923590695742,0.005511801245846018,0.019998391963229802,0.03021120133525588,0.07104987854053563,0.039956523831493396,0.014108774842274055
5,0.01106993244304214,0.012540821066346746,0.015766458369131375,0.026085913275122403,0.01077586807339846,0.7578207197839031,0.011855982459344095,0.00688745378752145,0.008449240860088827,0.002777202220323309,0.042339431187540834,0.008926572390552244,0.005060535484118384,0.010462331942319257,0.012908349614146547,0.009335067452824669,0.005590478980096579,0.019476176141436482,0.012805663275915953,0.0090658011928272
6,0.00731860845480432,0.005492347024688186,0.006377742265893818,0.013111077957204606,0.017133225933107062,0.0017342764077140018,0.003264279829361291,0.656457647442516,0.004230415250347476,0.0043137501781094646,0.009720956618838943,0.005121707416264369,0.0008051929972264624,0.005167698763362998,0.0010131829749928857,0.0016120287123903348,0.0020779932176646643,0.23684265526184503,0.01250475403230203,0.00570045926136601
7,0.23040585488255338,0.003637737125946331,0.003332139005163022,0.0035688760173340065,0.002386711538915092,0.0409091198016102,0.001123327872818402,0.002573222286225473,0.0019334496415000187,0.004101310441347539,0.1257595662697108,0.10271582487687095,0.07288240328874866,0.25788865126735994,0.0006092844181572861,0.07302458944397405,0.06537909003407481,0.001484513657266194,0.0025911823880088937,0.0036931457424149764
8,0.015631228698819832,0.014619689469388974,0.03008470700096579,0.024598295042561294,0.010131710937585867,0.007479607856640787,0.009417069945920143,0.006599079836233255,0.01945861806638126,0.003189189609579843,0.026747409503995904,0.7416774109381984,0.004488940365920035,0.013199406635018358,0.003780605417210374,0.01348408939122649,0.011003142845122616,0.009499722161998373,0.0249955100079946,0.00991456626923773
9,0.03111126239077533,0.03704121684472335,0.016440199577603933,0.0280869368808757,0.016652033192880254,0.05224851536339219,0.011905321569138934,0.01606611358419393,0.03633889199743992,0.005875415259401033,0.03422775758062404,0.015111610075013434,0.006458727012289812,0.013384245278236938,0.6001920670926778,0.010515387297551559,0.01208629988794132,0.015558315836667736,0.028290812477639725,0.012408870800932968
10,0.0059781946612786655,0.009080283851701995,0.8256846368480868,0.01216891622152685,0.006300615194563018,0.02503430690169996,0.009043371096896064,0.005361073433233194,0.008024784063654436,0.002585856533416051,0.021785589145864804,0.01630858041950037,0.001594733993161532,0.00871493205816319,0.002846875296990243,0.002951534471102987,0.006952255913612442,0.005098612161605041,0.018278824001432714,0.006206023732509502
11,0.007497485750892658,0.027317829094510433,0.014270074547441345,0.01611995292910796,0.6845884094705135,0.007739527652219243,0.015664118425834414,0.013348428045464964,0.014370657587663151,0.013325379061384056,0.04080834241187953,0.013540528794136525,0.0045486546209013426,0.01807277316363488,0.006520053032636831,0.02992770253361897,0.007337094554778824,0.00613448570663694,0.02447006542603601,0.03439843719070834
12,0.03437156636687683,0.017581952209652103,0.013931222417552444,0.03705198205158781,0.012635744403156662,0.0076159950243498455,0.011008461004252264,0.03319127130039415,0.012134543488354438,0.0072614184975891335,0.03827278266467101,0.014133705150813424,0.003944953916721463,0.02023899417901658,0.00540781235499158,0.011304539965057907,0.005627712076696291,0.6800463812535654,0.021778938624383754,0.012460023050316934
13,0.00660007714051254,0.012490802644695362,0.0017603344577727267,0.691862351524462,0.018354092867722147,0.0474360412258984,0.018037085732276442,0.015417047372601559,0.019697620363693265,0.005435781635487053,0.019811032950216884,0.01773186933593809,0.004830875100672259,0.01963741576064985,0.00459483503981955,0.0049078515021605176,0.009723058248750516,0.037412955248594955,0.02153716033936821,0.022721711508707866
14,0.017379376429155716,0.013859515626693766,0.03675354180321543,0.02183631256960258,0.020178029116411825,0.697674718994984,0.01052388354229031,0.014078299609716335,0.018145735944004704,0.005269199935680346,0.027111599536439723,0.017562360641282432,0.003367683320075996,0.02021319535355887,0.0045073246316320635,0.01314843634661784,0.009800611375021168,0.013627801736547158,0.02386887912899826,0.011093494358071375
15,0.006022052490215414,0.01182478823751127,0.009817571010116983,0.0076596580584081305,0.010645089833555431,0.00486087036081655,0.009876298093501662,0.02267765905505986,0.011436703361005902,0.005870176447239756,0.509447467544782,0.02013976869994741,0.004479275225085678,0.01034936458399904,0.006482052574902025,0.003952979950798591,0.19378660038369236,0.046862785812836524,0.09406696733093227,0.009741870945593067
16,0.016889592912209865,0.01415746716282914,0.009770384301627499,0.005487966533547853,0.006530236095507576,0.00716562769149724,0.0074250975124315775,0.006197779809759625,0.011757628560567232,0.036625698519301315,0.029493743250191898,0.017368007940360378,0.010359687271939297,0.009326977431362037,0.026349717987398536,0.7081892452944678,0.04161456815938703,0.007976380446443603,0.013406877531449106,0.013907315587721448
17,0.011166663283102542,0.006579765099385864,0.027020561273591887,0.007353163406826712,0.00868650456747435,0.7499798200804003,0.009712353636184614,0.00802615875734345,0.015767237224007444,0.005995301158125351,0.030557012036464916,0.012307492752160195,0.003190596284903584,0.016978440102262363,0.006125904201273098,0.01068765705264002,0.00483984820834262,0.025422460804662823,0.023799714783789592,0.015803345287058113
18,0.5884300107632007,0.008064238681404004,0.0040105263509949,0.0316509595319412,0.006472171136331458,0.2865981009757499,0.00843553224219151,0.004869972272277942,0.005251593670268178,0.0024314163057601915,0.020287171737519337,0.005421215608638322,0.002181893526474174,0.004159376248548074,0.008606734682598469,0.002294600030419767,0.00287342187928671,0.001610272766412947,0.001229128357737757,0.005121663232244518
19,0.042634579001906786,0.012449921718098202,0.015352617629102394,0.01581076924987244,0.021791139871134093,0.01079526182261248,0.013948866297846372,0.05200905421933147,0.015734103562177332,0.0050079363034838354,0.02054939392181843,0.011637129072467773,0.0026627306912371403,0.016554844443541883,0.013358713180228835,0.005499425263382536,0.6767793663491344,0.009289909340268306,0.01769789387893809,0.020436344183417225
20,0.006354928588648133,0.011572929834746233,0.010920789263261376,0.012328120011750408,0.013009544534552928,0.017240782388112705,0.013176576758931219,0.008539784181580036,0.009358797738703949,0.002243626097602434,0.016198544796666846,0.016951479631639763,0.005351228356559987,0.010017813257144226,0.03633685039727817,0.01024225400056131,0.007068637464036911,0.008616818690342818,0.7679195701352315,0.016550923872648997
21,0.006994561846596977,0.026398858085159026,0.01310207627035151,0.007271023395177233,0.022014758324754535,0.003860383433335869,0.004591749764792059,0.2955431837635988,0.009329370124646099,0.2016608901554975,0.028418238654369737,0.008169606921626282,0.0012365132511928483,0.006809290291733512,0.0016436222774366073,0.002798367975971451,0.003227476706962723,0.3364590200446403,0.011988193187791298,0.008482815524365687
22,0.0060243036547161346,0.011180406339657473,0.7315874827911852,0.02220780423823353,0.015928297407712934,0.014795644341884032,0.009856970551438825,0.006980282201721097,0.014072278266146737,0.004702830162773716,0.02546111314505363,0.02656671303772161,0.007215126484163548,0.022578036932867362,0.005693943279091383,0.006600794664536618,0.0078088477719398565,0.004120777750349461,0.019233813339870405,0.03738453363893648
23,0.022002991037491877,0.007281625960516234,0.016715759579656167,0.007506475693640451,0.014554807535972526,0.006480218040688544,0.00966806261758835,0.41966460131486466,0.00957163299482075,0.0028910267627696895,0.02018503691667434,0.008263357763933159,0.0036494842882762646,0.014385986362115827,0.0034466618323415483,0.002671319852444022,0.010717778251575424,0.39225054080924254,0.015153032886434801,0.012939599498952788
24,0.019520294489670947,0.014267781898822609,0.01991022247221288,0.017569360697954704,0.017588527584106544,0.0068958777772674265,0.015194134606217116,0.04066713479871346,0.019360810372119844,0.03574915323550958,0.02565493201732809,0.016394452863653677,0.011302706964106658,0.01925696789743468,0.009823674885012231,0.007081134124227379,0.010576197133033843,0.6430474678239637,0.029022220420792895,0.02111694793785175
25,0.005870440134289886,0.016605820068860903,0.013085452691152358,0.017272273209728104,0.008787212410530586,0.0063298811707894875,0.016112528164128063,0.01482544642870298,0.022511812199619917,0.672029738794256,0.02066161957878366,0.017075174912998845,0.00296182555514455,0.014102796107449992,0.006250029105732274,0.017128701693352726,0.008908013575019644,0.04770269010020174,0.05043720006547075,0.021341344033787516
26,0.006364035377912903,0.021645741879252188,0.017425328132348337,0.6880427017281481,0.016285028326540923,0.032945754806760943,0.00904334123191426,0.013120207373601294,0.04877753466547768,0.006914944483482639,0.0224366609901196,0.011339490834710248,0.0028385950560861095,0.03496067557100732,0.008941679419775484,0.006721481748063523,0.006458483715851307,0.009732539550862446,0.022019216288730353,0.013986558819354263
27,0.0870307962676684,0.013026622512833552,0.005219712567917231,0.005637127353979805,0.009212993264437126,0.006502501458594431,0.11856002682791629,0.017157798497784666,0.007646787172180588,0.006487605269362785,0.010341840887135315,0.024504014212171615,0.010455513442196519,0.004830686637665848,0.006784234675329292,0.07743855751469009,0.11122910629051007,0.44231354708495607,0.012051350144012828,0.02356917791865742
28,0.11862489485163687,0.009976840730411237,0.021223015077663797,0.018852550633769182,0.014291071717204732,0.5645733430178576,0.019244410025886186,0.004952107116884083,0.010148092930719265,0.00294316742750714,0.01730677318244533,0.010524470087575472,0.00895160997136664,0.010040113134594597,0.013144589562990635,0.04476502586567138,0.0583094303187592,0.02577095557258461,0.017906710022990064,0.008450828751481987
29,0.03413322880944944,0.0004206862144877773,0.000644711395508615,0.0005931225878281143,0.0011065750107812815,0.018503509635805618,0.00041004135719193904,0.0012540784892270437,0.0010129173520360606,0.03640838372410335,0.020635981889818668,0.0009083315140282575,0.00014595302277883957,0.0004176693474078557,0.00011655825392195203,0.1940677100117679,0.5404309736758386,0.00633275278806309,0.11498589476415848,0.027470920155797014
30,0.005549083052639133,0.7050546634300962,0.012497305873218054,0.016007993715339574,0.025607673542060047,0.015119410099308549,0.01631770178878515,0.011773769249710573,0.01126819048144198,0.005207221041374852,0.03156957413980953,0.021397639264585693,0.006634807369311354,0.01721125415159049,0.017955678103309225,0.020366942279974477,0.00982613106941277,0.0083863805545946,0.016122366199591842,0.026126214593845953
31,0.025699232301200827,0.012370221992367082,0.01042596509905738,0.006521632355554206,0.019832018603037987,0.0034351007597776674,0.009193230570029012,0.05367621312116062,0.011293804614734986,0.017802564506429034,0.01674911604340706,0.01233730689222424,0.0044999992573320075,0.009354313353905531,0.004701660122471616,0.0749838476652647,0.13358918501072628,0.5471142343667796,0.01808352415349689,0.008336829211043142
32,0.03355031143101345,0.009274297302924192,0.009379676037305607,0.011408830181970754,0.0093556626504274,0.006059439275348066,0.010642591784879765,0.01035476597764305,0.010416096186291775,0.003727795230355709,0.01568780812225672,0.006443948795965429,0.004434979184716262,0.009046314010702527,0.004582762208133855,0.018985518484404735,0.7907140859639948,0.005074849731161472,0.02350457787159677,0.007355689568907636
33,0.01549575883962657,0.014889102989006526,0.011028852701414314,0.0074315545021765884,0.015780410205592916,0.012205968163851711,0.014404640170673957,0.013604122990465643,0.00709724371049599,0.23809387961225015,0.06306032098300182,0.016025562369374025,0.008849868583431553,0.010264522317762358,0.004227566441482301,0.006407070910731204,0.009678951303370256,0.5009364400023478,0.014679950999985682,0.01583821220295863
34,0.009724538517144192,0.01888550798612948,0.019793844739041545,0.01684962338698265,0.013241088084377163,0.009829353531522474,0.03565165427629812,0.027574742734805095,0.015381738805249281,0.020101127435896718,0.6268860241845022,0.03280352972810225,0.01380403088905464,0.016915631002942803,0.023147951340901068,0.030329033279342815,0.022537726243177018,0.015690334729165305,0.017853601480057848,0.012998917625307218
35,0.24954266647828222,0.04037599070480236,0.010726683879678947,0.002401725966040677,0.012294242407766498,0.5340486517491114,0.0050714692667143055,0.007815430535300167,0.009916937798521161,0.003232106439161133,0.011703545066391555,0.010443868491734447,0.011310099045460029,0.009872505472793378,0.003499824037621653,0.01474285281024718,0.01844406529065107,0.0076496093140195655,0.020797375717872272,0.016110349527829956
36,0.0061926583493315005,0.023452965855184794,0.012514887632821022,0.08842265588859963,0.03568259347828742,0.01213942420052997,0.020363726472735436,0.13693144730414727,0.083539982453896,0.007614651061923507,0.012125429620853488,0.032254615843971365,0.07587977081544749,0.1549833399308005,0.15476142822074032,0.012173174765274672,0.09008004791838814,0.008659367383855667,0.01333382248635512,0.018894010316856676
37,0.12609585509474314,0.006882859289723481,0.09620555257354142,0.025085369265050568,0.010001094098336289,0.13059405996750345,0.003906353792727589,0.003359618441512692,0.006288435446363279,0.04793336473848318,0.26010580185075927,0.009933299525953398,0.0012188391547351038,0.00555888283296249,0.1888859230633655,0.00566467863965098,0.0017094518012620789,0.0014780001136817551,0.006079044473533817,0.06301351583611046
38,0.006060151929355623,0.023450419822093713,0.020128807031097155,0.028607817326189222,0.02259326731641055,0.008249182077495138,0.012135858786859535,0.014624557097318705,0.6400464725785189,0.0071877794374164495,0.03154606184754025,0.009519815741335896,0.004694085080284863,0.01343845368519556,0.07586594137197102,0.00609239114625951,0.01943134098016475,0.018523616864546975,0.017861246680897072,0.019942733199049142
39,0.0054597617497293156,0.02418299914616807,0.022956392219643306,0.01375656037382725,0.02054440571298119,0.010103117581150796,0.008433751487780911,0.017402276085882552,0.034857824422188835,0.017038090397203755,0.02905489525661895,0.02954002462783705,0.6432535201838722,0.005383892048281501,0.006100211843401781,0.04219712674652506,0.006936312690096685,0.010729651929454936,0.025368741092572134,0.026700444404783696
40,0.04770423144764169,0.024328816127793054,0.014516006275841946,0.01638198607412778,0.020486892128688074,0.009003356613465588,0.01010949605135184,0.02582569093659845,0.03381379308403641,0.005175050598548384,0.025144963472657166,0.01308143472124766,0.0034603096998714372,0.014603083789451762,0.015147837524759442,0.015337858748428527,0.656597755987158,0.010756491662382907,0.024561058857615142,0.01396388619833477
41,0.008103645503725698,0.0028673405142432824,0.013923993275081375,0.0039360441073023195,0.5384717252725536,0.0013178440424774745,0.004551544216686781,0.010779656811888253,0.003870485198189443,0.011003523757078732,0.08366001804378742,0.004622945533627054,0.0016304960012535623,0.005921673751524425,0.0020712234849124085,0.0038084770840660026,0.002838708043540971,0.28507078140828235,0.0064573110226455585,0.005092562927133378
42,0.005802607826205007,0.013694623205885893,0.7223016483339778,0.023807997085389103,0.015567238631452167,0.013036310264524028,0.007045400271039723,0.012698622795609987,0.017550401125583058,0.0063150141275972824,0.03266979819357619,0.04173531239758729,0.0036713011618556748,0.010735164372191906,0.005691097803380893,0.0051411718786302674,0.005379962593365026,0.006839324771646287,0.028067962106734456,0.022249041053768133
43,0.0017432228058812673,0.0031143305433914575,0.0070502512605964685,0.0025077872887376844,0.015970049171579032,0.0014788827863667228,0.013648631810214121,0.0809705226254256,0.00355068515365829,0.4949413140977171,0.33477428517277524,0.003948510619418803,0.0007292550926610874,0.008679908226429799,0.001174872227613271,0.0011304544411714107,0.007711240791452259,0.004009078971923933,0.009448253552025655,0.0034184633609608468
44,0.012553605482030583,0.01414269364092159,0.019310662156032797,0.7306322725077684,0.015114112263767356,0.017749322778575966,0.007402919325024701,0.007443898556436386,0.04793077773573005,0.009998476024845349,0.029910209147727938,0.007475622657919917,0.005602568151577048,0.013417542195662139,0.005293306336894748,0.004512080429626097,0.007286695054086566,0.012137650530131158,0.02289433623571008,0.00919124878953121
45,0.008655416954179018,0.024122014289476402,0.02193401558217925,0.019833804051219938,0.006448141769683312,0.011559656003981664,0.01505289015843014,0.011892094252875737,0.01935800726305415,0.5745693575838583,0.08843309537857387,0.0401649712496811,0.005842913427552429,0.011801799795803999,0.0072505254726171475,0.035255357434127096,0.019075258533636327,0.01354166333924068,0.03818184265323506,0.027027174806594452
46,0.0961591996433923,0.01741461635244671,0.02616975774160052,0.07102804601783862,0.02401799949958336,0.08884679291765603,0.010004458394887573,0.029279572171321974,0.03437149214339888,0.008705798099843612,0.02356546074201574,0.0117151289320754,0.004205645604789493,0.015800635235403992,0.004307721547317419,0.01785019065367735,0.006883138615788048,0.45861291650387837,0.03904937043365059,0.012012058749434054
47,0.48569024322138693,0.0008840593498332251,0.003127627936118707,0.0021235598603000865,0.0019042531680072046,0.002258687001185286,0.060535140538868916,0.0007248490568829861,0.0024634735689745457,0.06192234483802229,0.32149689658036024,0.0027491046006016505,0.0001906976025387623,0.013296501958758608,0.007508817340575081,0.0012423834605749884,0.027807325243937305,0.0011572914929328998,0.0017745630620636089,0.0011421801180766396
48,0.032090691762736615,0.016148995791912462,0.01445216379180834,0.013205514879518333,0.020408983107929702,0.008842204478581106,0.00793633174348746,0.013382170645978984,0.010261143070553907,0.011058530002986256,0.0939327496683873,0.015922399544496105,0.010327122580098878,0.01189502930883194,0.006745749646698455,0.05996285519308299,0.41071395595460924,0.18878964395521822,0.027910588618642294,0.026013176254441366
49,0.00825551245074637,0.02022213129656582,0.0027021907591363047,0.004513459653289685,0.00300723573073789,0.0008382236975642822,0.007375992757484957,0.301666893658753,0.007007850012143218,0.010955988912463866,0.009929120959186088,0.003099704604618883,0.00014338090134844548,0.002225674137245208,0.4233934550664509,0.07803692063342747,0.05042413115616698,0.0015465695813931034,0.00566178465725392,0.05899377937402364
50,0.05626246580250637,0.02007104859845194,0.01599325607309987,0.011639532715555168,0.09788637580861359,0.0058319345619484595,0.009454765178844676,0.02201927023214285,0.010973346856111777,0.033063988845737094,0.03161150566826658,0.0137760424172759,0.002057274939364336,0.010689739795716085,0.004949121021750169,0.004353373379162375,0.006159150019895324,0.6104834253999205,0.020812821928609167,0.011911560757027689
51,0.007367522199613636,0.02408452162787768,0.016830822478409273,0.013719940499197497,0.019540272569609725,0.027956166467860023,0.009903206471431891,0.009149626192979219,0.014864227672533226,0.020079615589683752,0.023043927990485408,0.021355629394414863,0.0036448090688616206,0.029955635859236072,0.02172180346516769,0.4934736240034148,0.1979857821093923,0.0075085996587304265,0.026155069690847632,0.011659196990253227
52,0.006184597314684578,0.01503090899832639,0.02939644742847575,0.009521626888962513,0.010269716713304287,0.09736074201546924,0.0274540225480557,0.01656200501854664,0.006956068252362782,0.003579149634597205,0.032112366701777646,0.5136864109770514,0.0024271639582261954,0.052477292211539225,0.007203779756276954,0.06122553016161615,0.006163657325616025,0.008099713708684437,0.01936440659039585,0.07492439379603101
53,0.0036181552593133447,0.020194778279669014,0.008390399154557571,0.009905612878038695,0.006204851099757959,0.002724859050171076,0.006277923147423505,0.008671815574238444,0.006796635482987311,0.5512096641407408,0.30734569991372174,0.007055251192111381,0.002354258529257872,0.0068880812771729095,0.005995628394981991,0.0027476850664752825,0.013804241233128681,0.010477364058334939,0.006768698517892734,0.012568397750024825
54,0.7316360448543057,0.01309110119716554,0.0058405206576260145,0.010569573584954943,0.00907684950333381,0.007227943188591378,0.011004086231093982,0.010877278722061514,0.01532798150395314,0.004833231306824984,0.026605263639868922,0.016432006994557748,0.007719942510909112,0.02230279410918072,0.005169586635212575,0.00372424528864088,0.03279497590610066,0.032620044993223754,0.023060265277923115,0.01008626389447154
55,0.025498639792937455,0.23309016934907953,0.014730570383141673,0.17208107786952848,0.00555069435829078,0.005911047925735246,0.004335067509588578,0.005658733168586751,0.02623843935989406,0.06443794443575648,0.009403316387779359,0.01151562744630409,0.008090634283535767,0.016698360117713022,0.01619110672161768,0.019210224641589918,0.3095657006039335,0.006783111124556492,0.009423970805341943,0.035585563715089134
56,0.05124279210893701,0.00964525274763936,0.014981358381574088,0.03729340451758828,0.0133234447205675,0.005457223679715291,0.013358331282511895,0.04201467416401146,0.021960496572590867,0.006159598061151446,0.024485899409126093,0.014511725004270039,0.005754991479445459,0.014458544025385416,0.006704632122028246,0.003614612840755747,0.017454252543687463,0.6572048123349808,0.026911159677606412,0.013462794326427052
57,0.09326453248593473,0.010885772257464208,0.010107971308324432,0.014936161169710738,0.012123188990231855,0.05114475558166535,0.010948925072620951,0.028756501669571805,0.013734537965611394,0.006599542162243305,0.027217922521482883,0.014361185942859131,0.005748152060175207,0.0133733262320577,0.6369116674935131,0.00649823563267525,0.005464736845052899,0.007980756903593237,0.01931233407438755,0.010629793630824277
58,0.013452111678284188,0.010910463046231772,0.03030065546603065,0.028650383102892987,0.015282084687964548,0.023399087990017376,0.18829535818219978,0.004962213810970729,0.006390887398780185,0.0030841491712699765,0.007422791752014258,0.1416036856475591,0.0053398450195303185,0.004158020984417291,0.0017439937581235029,0.4079982785251703,0.0632303590334608,0.027162093031415112,0.008024531293200826,0.008589006420466278
59,0.008727852253978029,0.014390196706725786,0.013227460557375243,0.008772432044731646,0.3809557613661499,0.004888881193055275,0.02482234668687386,0.008761318129535236,0.009173110790996503,0.005994668841176052,0.027328224436636232,0.028844414491000298,0.005493976382934556,0.011622593554984545,0.003376202187757218,0.003727586324681622,0.006721447542280499,0.007268411313750886,0.022758224746695498,0.4031448904486811
60,0.0065499236717078855,0.7047455923494124,0.017773477796665153,0.015136726055132655,0.015308946249177214,0.012867828245984123,0.01744065079863466,0.018095550076461974,0.019538148600486357,0.007656211133563519,0.027658974799996076,0.01677007209879196,0.006814891003587094,0.013057849589121298,0.026605763657785816,0.007328457844532061,0.01650544597761612,0.008522577448649057,0.015597546978909986,0.026025365623784626
61,0.007691551917690582,0.04530575279690839,0.021658834044972687,0.020786472992284758,0.015857380620468584,0.01633630312152891,0.03257113683267356,0.0428752855175346,0.0162586456786549,0.027403950901448343,0.030980711209820412,0.03214430258591752,0.002558721923668984,0.014221295994050939,0.005814410819683595,0.006155296865477574,0.06594437377059716,0.012882424002501227,0.026355616977753148,0.5561975314263642
62,0.04240255685643348,0.07098083622299184,0.20389975424573803,0.2577869306413313,0.12635934322597553,0.016480452700186048,0.010291489976669446,0.01037194048079192,0.05020889419891036,0.004783781621565304,0.0345150558248192,0.032104558819171854,0.002061358072684336,0.006039147093399369,0.006038440638844034,0.08327583753959038,0.007176896344128238,0.010977245019910572,0.012514572383445048,0.011730908093413697
63,0.5039677124585954,0.02126611830508142,0.02249670117889006,0.016419040093511528,0.018437799276843667,0.09347896093183779,0.017889613226076725,0.029254599901404752,0.019358726718256655,0.007557152446107524,0.05028959507081166,0.019737808885570314,0.003935314445011262,0.020714515356895256,0.009128716235419035,0.012727422598487812,0.012888776227870673,0.053667998541911184,0.041913604579114215,0.024869823522303124
64,0.005475168547836131,0.004263296107848642,0.011562589299615676,0.003903300314702245,0.007064879502712121,0.0028314213730415813,0.05990061333431181,0.002566208054097689,0.08428239071139319,0.08389829109700613,0.008576584006934299,0.006645475615652165,0.003934343613983302,0.0037154258959073176,0.5697530922044243,0.06221299297167027,0.003279901996356498,0.022804134633394917,0.0040425174518711445,0.04928737326724045
65,0.010962535653410887,0.009172052757530257,0.017368018389994844,0.009767543058969765,0.016046106110100086,0.0060208599781729575,0.017017364730805406,0.4715939241281079,0.03324215637642668,0.059238928920018884,0.06309854840522516,0.010454405162106778,0.013232443771707335,0.008038174190487557,0.00369788044810738,0.005747754530004892,0.029751960839419753,0.1943300316175481,0.012750039940267167,0.008469270991588208
66,0.475671369788741,0.004241676486523813,0.010127408569019846,0.009952452285664524,0.012762398186465265,0.0022603509721091596,0.0028691791266210733,0.01714886018887128,0.004388686801902331,0.019260322596160468,0.005541838945385369,0.009750389636754174,0.008732551139196803,0.0030330537388984493,0.0008542123796842901,0.13381530024430316,0.0061663327738953186,0.2625954502123278,0.00765376249449389,0.003174403432981911
67,0.04748425940760748,0.007577793811063553,0.3275712028835473,0.28553759585176497,0.010139691864127462,0.047375268962372354,0.053152326459606436,0.006013995887373895,0.010033318044342298,0.01828597378427577,0.023653645048073855,0.07431616311854987,0.0011369819577901,0.008713214648790974,0.010378147048799103,0.0027248649856648614,0.0026447933722790694,0.030197890730825707,0.01915276389403514,0.013910108239109835
68,0.003786918051552978,0.016795791472380132,0.013444208437780287,0.009132574850493121,0.014663135929054352,0.0025282839130161003,0.006026305620036203,0.28008056886409743,0.00968157241782929,0.0659169039375206,0.2477496120750533,0.00536385728751467,0.0022028739794056973,0.005341856910640638,0.00836113818244274,0.05779500991569969,0.16224534711984945,0.025316445843731678,0.05442875409567232,0.009138841096229281
69,0.13137594308328335,0.2693029670498922,0.0032602450712572975,0.00654152213799907,0.013258033598932798,0.02918840661480533,0.07152086812027333,0.005534178401042142,0.004674272837877094,0.03935275523611953,0.020767113766544165,0.0049378414369208035,0.0013644311739016647,0.006268414310572146,0.006043008911003744,0.06478393452783171,0.014411167138200051,0.2843596367989035,0.014681259747591525,0.008374000037048425
70,0.009901294596189965,0.018097846587722427,0.015400760543751283,0.00979577286478265,0.009122457106297839,0.006970504047900809,0.011219273490530205,0.04082362596586286,0.01220459257281855,0.018951240144822443,0.015729047037273656,0.03429847845412033,0.015770144795927206,0.008137869203742184,0.005196580860103992,0.4955440654097435,0.03252753834394487,0.212474353359337,0.013204481629111305,0.0146300729860169
71,0.009385819174446386,0.008159013538464379,0.47865710941212336,0.08862560000120734,0.011834541363668093,0.029463931572968192,0.04981465672085699,0.010429681180993274,0.01627939891479024,0.1455635833019293,0.032908973405418575,0.03094229933670912,0.003827621439855728,0.017034244062561453,0.007422224347328991,0.006445010131803238,0.008125623820478602,0.021247905176705235,0.019519690054354704,0.00431307304333675
72,0.25049372682566556,0.007657737827411239,0.010060769021233396,0.010860567655965723,0.013089513163423857,0.10759146574436841,0.019484428345194822,0.00725037104677015,0.008369977763243865,0.0032350015648394148,0.015205261127102864,0.03360183213937324,0.005250442265506767,0.018060672501801014,0.004913853923224497,0.43541219105442597,0.01648754793662425,0.004346649171626367,0.014728530371195061,0.013899460551003629
73,0.018084695188859592,0.027661334774712804,0.034884950655224616,0.03858512914248288,0.01996791953581123,0.01371081437919986,0.08769722194829735,0.017432850718554195,0.07074986318796307,0.0106074147319303,0.04572208849283163,0.024756286959942034,0.011624027669615412,0.018938804580500665,0.4660362155826869,0.009771656746765176,0.012331327155879182,0.014214585582327329,0.03735763076777959,0.019865182198636228
74,0.011377246523661191,0.6290033438354365,0.02176054554239346,0.02140051889650609,0.011728431400564704,0.02804132243399861,0.01250586740571678,0.01769437150749391,0.026759210683826286,0.006651739449596025,0.03576686915812387,0.021855284282935657,0.004846346350495113,0.02550753786270784,0.019914801888796418,0.024730025593896105,0.010283794691656837,0.01617984016879702,0.021767764455575055,0.03222513786782264
75,0.008328596772145232,0.018450054844835397,0.019619796070783183,0.018107054004493302,0.017035026774496385,0.012725436711361763,0.007493349466389476,0.012403724753514962,0.013751074057457215,0.03716597094063354,0.029277626775932243,0.017816565597798137,0.6785412013722463,0.0031794857358702364,0.005313009151498445,0.03437697089840579,0.004195220152292386,0.010104171692971847,0.034544583930017705,0.01757108029685658
76,0.39741074219181366,0.01702786272236409,0.013580421622255067,0.012438656207259004,0.013128078213338529,0.024260091254506386,0.008329759581143289,0.009660199386375218,0.007025475247112091,0.0037738073937188432,0.018525065497040877,0.006478334046716992,0.006878586405556134,0.012829604336433636,0.009928072202642224,0.035263879897391485,0.3531360952992998,0.013168828591713855,0.02635920808045849,0.01079723182286039
77,0.01411799635931468,0.012613187857646023,0.0118098117027601,0.031225490657109486,0.015930113867545607,0.03816317847657408,0.0161891489875588,0.011867006115911845,0.01614650289918973,0.004654056777044897,0.029811710090141264,0.011273607732128233,0.0034016732440596224,0.6745724370118568,0.011755757509557464,0.03424780375807095,0.006077369514439426,0.012058216993717116,0.026015901608173776,0.018069028837200178
78,0.0043399657191596575,0.00998245893426219,0.013695792500566913,0.014637337335093849,0.011134054349232652,0.7718300965286938,0.008556482911172511,0.006952289625119414,0.019055777373314875,0.004509227680349082,0.022057318653137266,0.010074518014426919,0.00393075700499247,0.012006577708844487,0.009697017044105166,0.025379994093852096,0.00643680240890739,0.008996913456371337,0.022064626181752086,0.014661992476645756
79,0.03273735843514698,0.03713798518730065,0.14466231889757095,0.31056265003082983,0.02748446634763768,0.013213828987619212,0.03210706331591116,0.021403542037923967,0.03230903724166089,0.009206017739937596,0.043494017366274985,0.021471796244672697,0.06521349797314364,0.034962489325983226,0.018983057407400927,0.047753679550406734,0.027327707277774504,0.024030689680273845,0.039288991024525294,0.016649805928005267
80,0.34812864201475063,0.019059600915903217,0.005647042183256565,0.018905194849280042,0.029588174253657302,0.06871534487021314,0.015820728765057027,0.03350606282019542,0.04047290480453138,0.01327116481652812,0.04560327696064527,0.024338419623119584,0.17066456924460718,0.02380815473926332,0.02186379514591386,0.008405350904791012,0.019043436167568165,0.01844407098684992,0.042859656552026934,0.031854409381841864
81,0.08342747962506944,0.03493186758467094,0.06823052847089389,0.05622732883963172,0.013326690980104939,0.15768886076496902,0.04085960147554282,0.011388556611282826,0.012492024623894293,0.017253257279326317,0.02054112193720653,0.02503385927985279,0.010760564092187598,0.02094530905835348,0.008440439621963662,0.007233985074082932,0.01214544436794261,0.004895495330158746,0.01607516980545457,0.3781024151774109
82,0.005964464601957422,0.016727011296030707,0.015215129199524051,0.015239143913970566,0.03582690452562678,0.010895907009864479,0.10463510954442966,0.07485202820128235,0.03106487177158161,0.5606825133380922,0.02537616913805076,0.01674952371155566,0.007580956083767246,0.009711468979912517,0.0031459091568310405,0.020611500195732987,0.004887819503046725,0.006811257161756255,0.022729846922018845,0.011292465744968092
83,0.3977707514208405,0.0029033103949094087,0.11163223755024099,0.13329858335039904,0.003485131178354523,0.08809104528384322,0.019901941917328223,0.022928914275837015,0.002229219101901849,0.004198392743167837,0.013231424954256837,0.03212559674136538,0.041613933699490416,0.002766632111715802,0.0007976770985475168,0.0033309897568976027,0.10319118177660444,0.007640320719464072,0.0048269453482081915,0.004035770576627192
84,0.0278525276036521,0.008630046750484854,0.006074416998547485,0.019702318534150613,0.02537409524286713,0.0030397400870084386,0.00919445328105461,0.003682634301059644,0.17842221336345393,0.023468874454839642,0.023691208272797155,0.006742397094705543,0.05303940261017011,0.034979730349177014,0.4325766298877901,0.0852869219831435,0.0035226192474032752,0.011014663736725626,0.013198281381242202,0.03050682481972698
85,0.007009244069780459,0.08479266352385849,0.012650510471932892,0.014072410260617715,0.00908097756250147,0.008847143474874334,0.07309982868402203,0.005618270528611159,0.014576606263140385,0.007958545591752943,0.0171768967197164,0.008440389763715826,0.001762304899140454,0.3216836808137539,0.02452501535529194,0.00405758388114768,0.01316900328298056,0.3372816301479339,0.017718781176958735,0.016478513528268644
86,0.011508500694926692,0.0062689308576808385,0.0221218220775594,0.010795397615838169,0.004815296746940939,0.11942181263675336,0.0034421839804341537,0.310063024907841,0.0042662192194334704,0.029217054581046665,0.014535650973364947,0.010477400048868806,0.008827196287061356,0.2976709508716366,0.002005893921426123,0.1184202622296421,0.0037061851331166374,0.008104009363505738,0.009941604766474595,0.004390603086448507
87,0.011061846784095733,0.021784701982481208,0.47286302742369696,0.1597970674018477,0.012926332716185106,0.02894397970177536,0.007994156792338272,0.015426449836112613,0.02436307738000112,0.0061641257120479504,0.036174604552874454,0.06099539984249519,0.0027565577851291663,0.025683654914660257,0.01609713921589874,0.03418760188296345,0.009694670458909795,0.02138805427656303,0.020302253380438184,0.011395297959485707
88,0.009290165907249386,0.008187912802645544,0.006546114647598343,0.00858135733178418,0.005960091447683227,0.005392503334002447,0.005530665497384134,0.028324285584042364,0.01134313303187184,0.018285435961628068,0.04231348558459014,0.3231100200076284,0.2352906439301676,0.06202391102600251,0.01626762201858091,0.026260252175146007,0.12981229753440585,0.006525642539488969,0.0442493402986154,0.0067051193394847075
89,0.02021537457445332,0.032892281774811225,0.029217412615767886,0.23731978871655365,0.024130604779666148,0.008874835809266433,0.05054682191383366,0.011438958689486543,0.011034884766605574,0.017416611166576692,0.03395049289894022,0.03013278610097541,0.0068437198231499664,0.3138591803657925,0.03579553755976728,0.04130629889173677,0.01327194382151653,0.014854997740712287,0.04484882366994292,0.022048644320444996
90,0.01596746006983945,0.045274692046021914,0.026178015621577663,0.023497497377197158,0.023345900915595855,0.013807756119640769,0.03950136828824302,0.019220836636702102,0.024534424804057608,0.013540593692214092,0.05090343435064382,0.04900756115936876,0.014706945251083764,0.019222313953419095,0.01709192206703205,0.023216182203037936,0.017976083440290863,0.02435125432279378,0.031222173431437693,0.5074335842498027
91,0.005547751395465218,0.004322541244464031,0.004642671214132048,0.00362233607147918,0.001690409039135117,0.0014390450614632962,0.0022123360486439683,0.5164723221853945,0.0350948774633081,0.2521789670014165,0.035762901107521776,0.03859886493008023,0.0006827320735873177,0.0015651295339569457,0.0022178386244598746,0.0020139522835616935,0.0015008764906700367,0.07851710424994242,0.008588713093697868,0.0033286308876197416
92,0.009051456472011471,0.5362790220419812,0.021439014818590257,0.021324809364756645,0.02959648214081634,0.024450081794576205,0.01688441901830659,0.011692046692341574,0.02604387473125703,0.0070224813503520335,0.026207150445628987,0.01653814135932409,0.005289960896407376,0.03261526960764204,0.07204724816745973,0.02355246336366151,0.009155575086848399,0.0097986286709128,0.03648461426756367,0.06452725970956212
93,0.004229169624242841,0.020562850690047946,0.014818740143542158,0.035170560698222615,0.015053686907978599,0.010065017581219471,0.0072650981977266296,0.01507027705137981,0.4255532334680149,0.004303439782544814,0.02028332325052302,0.023294455241127894,0.002010432925734947,0.3074901649721669,0.017819676432935593,0.004372092031106429,0.011747330092745025,0.009179131466473856,0.037096776529900316,0.014614542912366394
94,0.013424951737313805,0.014125113148630868,0.02101132803096201,0.024422780457601243,0.008909224586041351,0.013758210716988342,0.012675755410009646,0.009495374897072207,0.020556662184732708,0.0024556123599503584,0.019577953783359244,0.01196935295954249,0.0030062072256691478,0.011716738625500392,0.23330000160488285,0.513068209450253,0.004281588749763081,0.0099731290693864,0.039989148532672616,0.012282656469668266
95,0.6711430229455962,0.006373471375352988,0.009656643827382948,0.008149292518308728,0.005682069493748791,0.017640174207531202,0.004150772124389029,0.014952660061731253,0.006540331872287851,0.005059858462006348,0.0090698646684401,0.004480862993662066,0.001501152182876071,0.006753816772633941,0.025427226033318318,0.003659853790023671,0.12937297578872,0.003432070160516115,0.014091508456323723,0.052862372265150545
