site,A,C,D,E,F,G,H,I,K,L,M,N,P,Q,R,S,T,V,W,Y
1,0.007984494392472646,0.014852707586669813,0.0259130100719752,0.02278209563156583,0.014051433225626417,0.008743834279601256,0.004624080496901802,0.21219082756985025,0.00795749728391194,0.012000623145989172,0.19468766182584757,0.011266855030531885,0.002063260324174489,0.009953110930474194,0.0033000609053411077,0.0056455555010758015,0.20782809654546702,0.19782718224877877,0.02697851085392858,0.009349102149816277
2,0.010705655429415333,0.021278153565443905,0.029587105413995427,0.02187839700293595,0.023781843918336047,0.08390525008190396,0.030385299041525565,0.02060314768419936,0.03592887204402251,0.015581255458809671,0.054155382611690096,0.02233949526163745,0.008561397907357769,0.019247484327905094,0.4496929362348268,0.04292134321852841,0.010712028452160216,0.018231614304053904,0.050868985987015065,0.029634352054237423
3,0.009339429892078305,0.6228368930840885,0.0338991999697271,0.025381430364528217,0.03051253843347939,0.012630920094968226,0.019627404900792983,0.02101323014139921,0.01713248631412985,0.009673700537588401,0.022751496106102352,0.02232360253487028,0.00583245213889234,0.024372647430686345,0.011922303544545832,0.016068062140771444,0.012396338170822871,0.013919454274206993,0.01997445225074975,0.04839195767557152
4,0.01558481638549233,0.02825170783314288,0.028697253390162658,0.032958098789046784,0.024305269623273864,0.016485913333439413,0.018205757849363683,0.36202036122956394,0.020672013730596826,0.013136709566882652,0.058678063725055275,0.040063939720457124,0.007075874114412981,0.02144466129212475,0.00648300383595366,0.01485739643874486,0.04230025119211012,0.18959747322536477,0.036181276544192564,0.023000158180618836
5,0.011511504398440184,0.01944852923479058,0.01852269525792282,0.04533179475904674,0.02049452905449864,0.6752221172037568,0.015640976650699474,0.009899900552376079,0.017382251264891006,0.006197728282321758,0.022686866541496802,0.013474074150966218,0.005311002176997025,0.01615962910975986,0.01315376774143438,0.00877335859283224,0.008331246409731381,0.03263128622784199,0.02368647042680423,0.016140271963391684
6,0.022542165313190327,0.013241526300294694,0.015174697123447465,0.021666368089280335,0.03988694485143024,0.008121332945720757,0.011104443799123054,0.26550073670630464,0.013944868728365476,0.01590793459977821,0.02423400996309983,0.0166800708658778,0.003048705664856812,0.01526332142645507,0.0036738188335345627,0.004825798352805095,0.0064833957340769965,0.45885511342648905,0.02614909568870166,0.013695651587167932
7,0.17193527762054392,0.009180140601119154,0.023321489891658893,0.030690457076972762,0.011358457620270556,0.034441560123153137,0.005042441682236509,0.011787543945487996,0.006881048294721912,0.030850134145783855,0.09847879776997583,0.037155871129399824,0.06293738699390725,0.12083107955993844,0.002825880613894946,0.1438268062507577,0.023747509820533603,0.004673147778195832,0.01860045217443746,0.1514345169070105
8,0.015306943589960365,0.016436200100127425,0.06791977437318955,0.029730362176711028,0.02088453991388652,0.010944329352730427,0.021056923023689385,0.010529966876786605,0.030969867283880848,0.005864774435486352,0.027444923399235373,0.5719364326374462,0.00533995290076345,0.02883557181460409,0.005801671759250116,0.018864649932492903,0.04395551115008658,0.010802541490068577,0.033823997006702036,0.023551066782902082
9,0.030596422888412623,0.02501668591478948,0.03243334318608966,0.02150640461590762,0.019580859813851697,0.048276458335932616,0.015398322736269723,0.025424611014976443,0.049825329827714086,0.009134780488637449,0.03489540726610884,0.018449639501413487,0.0069350829065121964,0.027008540205959563,0.5457386967600606,0.010646519932207443,0.016573765435804726,0.01565982037405758,0.03014699254964825,0.01675231624564586
10,0.00870923133831839,0.01474589880118082,0.7502609539981676,0.02692035485118536,0.009375562489040912,0.014695389539201244,0.01572676165598705,0.010380996718367367,0.008992638437416305,0.005002673686763741,0.0239536041173938,0.02842371797766046,0.0031333850533677757,0.009317689816222972,0.003862408649221153,0.0039948475422756065,0.005241234875087708,0.010063617379921815,0.021494029344910095,0.025705003728309864
11,0.01150939232568061,0.02781774517705165,0.02113552448972208,0.02633081355983948,0.609151892467049,0.008945540758843962,0.020627535046957374,0.022498392410002777,0.019108093747096055,0.02078856895439474,0.04218840363248516,0.016318542939116158,0.007074261005194032,0.01740059086383509,0.008182819343495325,0.03169647767129087,0.008609801174932376,0.01736413507457801,0.03541821005877048,0.027833259299664855
12,0.026693374110515127,0.026381463289018216,0.01861512765575058,0.031443858764607084,0.016269762932166542,0.019028526312452092,0.017560688956562393,0.10888032120863755,0.014311885072409396,0.004612627206020649,0.050480424699706726,0.013988863202172472,0.0056865132692421674,0.01989837231017571,0.006621290887434156,0.0070229841445556,0.006751125697506263,0.5573651945122349,0.02641208212437401,0.02197551364445837
13,0.00959976964938865,0.02623379975856868,0.022755567542029145,0.6141030090252874,0.02044202383772275,0.033952387113359635,0.016296232206191013,0.01500619973379288,0.02303663254454647,0.0097595739523703,0.03619254241557111,0.023495146069693277,0.005699814080482598,0.033466057814817506,0.006485160615267744,0.008800255923805697,0.01238635116975883,0.02455257913997383,0.032561717067583845,0.025175180339788748
14,0.015626735332258484,0.06374982668132198,0.025668491405030254,0.021115834272270012,0.026874264308454004,0.51786193739957,0.011201161381863636,0.020536965463211824,0.029593416298215245,0.007771857698907065,0.03590977896708355,0.01683897053224101,0.004666187512507663,0.028984780035097395,0.0049511035842687585,0.014839652934544008,0.01314221615496731,0.0970785442018598,0.025323980966824672,0.018264294869503366
15,0.011499773259023694,0.019271345257479484,0.013904011802065937,0.013744140578530096,0.07828762986100632,0.008664956050116279,0.017392192858265154,0.08765772226971028,0.017604890190661564,0.01085305422536398,0.471507534446523,0.01978665000562274,0.006904144593548615,0.013162218639861044,0.007174520728467562,0.007549752580096676,0.050771887252335286,0.04037831160601995,0.07410942596113397,0.02977583783416827
16,0.02935971432140366,0.01356677130243054,0.015571209741999579,0.011402625812625373,0.011551525689046743,0.006723845978373588,0.0230290921428257,0.008210669680920159,0.014190411245258537,0.025851924508143657,0.0272280971629307,0.020907407712382697,0.006364545091662912,0.012506242234023555,0.010643428623090586,0.5562979367228599,0.1698124720756753,0.00746234964433706,0.014739482755307318,0.01458024755470254
17,0.009147346326557023,0.03481974680798349,0.030540991260705717,0.012823763864056786,0.01271771713693651,0.699745992630035,0.013830884940149992,0.010097274333159002,0.015548500030460497,0.005675943700249458,0.029738189755399373,0.014267151599879584,0.005164675077657519,0.01889493461841388,0.008798744592282689,0.013289813768748366,0.007256416439428668,0.018443926670207077,0.02083748238056175,0.01836050406712771
18,0.43604817398007417,0.012675870063111277,0.011644541641423601,0.017034351080677166,0.010844101726626231,0.349895864747879,0.011723876014758714,0.008827560932685411,0.011282392481459163,0.00565946634321054,0.01981496725188801,0.01227992745555009,0.005045919748718429,0.011371538837346656,0.007210147372423975,0.006289353962880069,0.0070851945306534,0.017240780766303084,0.026272850362886995,0.011753120699444114
19,0.03538377549593553,0.019626146703280088,0.020657345837297763,0.023122057264961547,0.01993733214458617,0.013760849419922451,0.01354412233370535,0.06305037630238022,0.023622173224271927,0.007300988716697916,0.030038739791792828,0.031324281352656816,0.004559331363435602,0.02291967381925766,0.009913732672086768,0.011440537447640687,0.5964362737974948,0.011218813096410794,0.026212652860350044,0.015930796355835143
20,0.008253349154037862,0.05752112445510988,0.015182777607522327,0.014795122212695641,0.017777040804871688,0.01135051539256991,0.01764293823093247,0.015215579727740642,0.01664320632970193,0.011321515328158624,0.02242062812214129,0.01864881336785146,0.005486309769187822,0.017049421151885114,0.0194189245449751,0.008316267343463486,0.00989296949923237,0.008870174990843898,0.6885498302424392,0.015643491724639223
21,0.020315099466146312,0.01596440467405644,0.012824849609113146,0.011667060387515847,0.030261900477638354,0.006048865631501356,0.008324846919327477,0.19504795974101968,0.01729950047713191,0.17209757294421607,0.03442940673002815,0.0172471280046272,0.0024882631354743736,0.011055975796903266,0.003942369242670832,0.00584772269818802,0.007856203167815578,0.39671353962988576,0.019035100661710873,0.011532230605029377
22,0.011796877063089508,0.019782442391746015,0.6327295953047644,0.058844379098880704,0.016138877798169058,0.013816084805795438,0.013861489451116291,0.009681778075918772,0.016090894520185268,0.00877831772595025,0.03154974069425145,0.016753715080844913,0.01154789766652455,0.021568512659104942,0.008249208142134456,0.009153828086585806,0.011216655170013136,0.013460989170486593,0.0198227501047443,0.05515596698969416
23,0.024317037509903928,0.01309127591854663,0.02103776369130972,0.014095372884007643,0.05809330712562968,0.008936139201992195,0.022669156765386216,0.14575469649329248,0.019004768347956034,0.015867469125471604,0.031828400394283196,0.01650306385575332,0.0068021109690277965,0.0271168875371943,0.007245078143299071,0.005857272756681269,0.025999906632171613,0.49585247196991217,0.023312667416072554,0.01661515326210856
24,0.027841048650585527,0.02843250240699629,0.02346647806710187,0.021856581267473273,0.04329303705108027,0.017762322574065046,0.029656844741059785,0.0931028473109644,0.02908888587825149,0.02420327043117185,0.034203583290303576,0.019893923162026945,0.02057303931233545,0.032344309690952686,0.014807546721243419,0.013629767083259301,0.015505861425230059,0.450350613860019,0.03484686542579817,0.025140671650081586
25,0.011277186702666277,0.01842744936204704,0.01791327305820844,0.018806524604738677,0.02613040656396774,0.010545875184189873,0.024031205373409203,0.028392136199068527,0.024970373606325886,0.6184108833169476,0.031805731989988005,0.024474601133455003,0.0044241142736798885,0.018486120636841682,0.006157378946213641,0.015922064950698,0.01313950260587184,0.02827148360424882,0.03424476506590265,0.024168922821531085
26,0.010710170247229988,0.026215166068452683,0.02767158141555831,0.6059437026975838,0.020918102006521635,0.03212817229877983,0.011471434270527879,0.015888910568651885,0.042111307592749773,0.008734077644759062,0.033019867148260544,0.01275987127338287,0.004605332763083538,0.03433127501129331,0.013370401687389278,0.008110890667145453,0.009364810438439643,0.028344664252835494,0.0333900210308242,0.020910240916530785
27,0.07271317133017997,0.00914031808045779,0.018116903907848838,0.02020726802259341,0.024480426593216222,0.033428221247546235,0.1554138865067922,0.10415012590062957,0.01946012944868697,0.0431534089894402,0.054085745079259444,0.03900819450981479,0.021613399171782392,0.01492038855836932,0.02245031661936248,0.05321008869239235,0.15200957256254896,0.09199039510356277,0.029099456467489935,0.02134858320802619
28,0.17861838157974314,0.011256402012025856,0.046900720778588145,0.021676064905986163,0.009439496443974125,0.357894673367869,0.011696094897211672,0.00681428292950946,0.01307228404235178,0.004071453964531352,0.017820204559316342,0.01696751541555452,0.004797994853268873,0.019817540283560763,0.012866815176659784,0.11420018536674988,0.03594027196045341,0.08659112778184265,0.017876625136754087,0.011681864544048983
29,0.07617205537951274,0.13991382512383657,0.0029654321709866945,0.006601821925886332,0.05434167022427398,0.03127220398686601,0.0009846690232575574,0.0017326023846873167,0.0025482250728805383,0.24667087377731742,0.06758075200133402,0.031737644675822914,0.0003053521384316278,0.046321050125587356,0.0003743845044091062,0.12667876913521628,0.10558692000032872,0.01232363118154457,0.02800527710223254,0.01788284006558765
30,0.009443289607738341,0.597807677561803,0.024799881857400185,0.021646445587043345,0.06248462254636105,0.011039181397355682,0.02258818175199323,0.01322280299190041,0.018757260925251904,0.006692119528521861,0.02660339567121676,0.021993234806805307,0.0077865448844742875,0.021700481244975953,0.015801421099791095,0.023504364648133002,0.01219706787357619,0.014637517384043073,0.020097942303876678,0.047196566327738707
31,0.039798921163051816,0.014436622718370372,0.016438487654007437,0.012343482868518382,0.04155617439555248,0.007658185409729643,0.012263992571601207,0.03212534577755076,0.015883255901513727,0.023577775934486532,0.024692756122339732,0.015999926552129146,0.005375776814784408,0.01819337246957306,0.005992346490561787,0.030980399167246906,0.10498424896087585,0.5467616692264284,0.019587318707254102,0.01134994109442418
32,0.02246597817143508,0.010929640138037783,0.01153160776054674,0.018713202625509708,0.014349074061479703,0.009424942947832275,0.007710062808561685,0.01369636207270644,0.01473380553048019,0.004583793891026809,0.023227211062109076,0.014629745689183835,0.004258346146155176,0.011767114214732631,0.0055552333105923805,0.1128978984474969,0.6544362193245773,0.007563536466358435,0.024347131459328403,0.013179093871849476
33,0.020854786416222033,0.022399628855228473,0.022826542763190426,0.014599255130391089,0.015763050955274794,0.012790795260332749,0.0201990607797533,0.07073128378112543,0.016133458511300224,0.09687442641988578,0.10624286031289598,0.02273997398836627,0.009467537692404207,0.014212950539166222,0.007537676209438273,0.008817578931488596,0.010742747568292738,0.47310163313707315,0.016426584924304943,0.017538167823865306
34,0.013041763848124272,0.024436742794212093,0.02236482255950618,0.016118063276561522,0.02322510526443136,0.009417015204934315,0.03685513377916365,0.03683405547839947,0.018303833196211285,0.05896282753106818,0.4653947821447901,0.018421379694433332,0.014631349793656923,0.016029271426584328,0.014664747547315648,0.02639009365540927,0.08704683342560138,0.01450800441364407,0.027172838875791177,0.05618133609016146
35,0.2861721428174084,0.03213232357127223,0.017036114071363274,0.012305036745750094,0.017708775938507396,0.12975486170067305,0.010157264456903358,0.012089332159968758,0.01933176072464309,0.005610876525258999,0.024120314692611406,0.018218723757221427,0.010431658200767652,0.015678752385155557,0.005610996694947025,0.29383196418552915,0.0230757470341782,0.01205759456057636,0.03410526510707291,0.02057049467019168
36,0.03199689031040497,0.023258027197853064,0.01566086643182569,0.06674603897509909,0.018865117309501585,0.010249091128574956,0.09821680690806738,0.04642909570578503,0.0684467453591092,0.016728166495089146,0.047038204321915675,0.02493409526439935,0.027076964684007,0.10813273489008073,0.05428734940025038,0.0682596659541584,0.16416652836010417,0.019791140862828623,0.03622275390106567,0.05349371653987983
37,0.12252089557119857,0.014770515674268207,0.11801443102754432,0.07668516909106957,0.012147917519615197,0.1990587082488879,0.12283741741879642,0.009454249276472865,0.020132024191767777,0.01876648765564017,0.06858464184350545,0.054730677313129784,0.0032526679118938455,0.011922265156508254,0.04074015645547841,0.03991438337775103,0.016546786009858285,0.006449654171730532,0.01987090994098454,0.023600042143898887
38,0.020803391239241648,0.026826373422927017,0.024381900875505562,0.024894567120449445,0.021566521061870618,0.009767445921804433,0.024621425588673536,0.014733676527771442,0.4771655801387185,0.023404880233998317,0.04587501896661916,0.045158463928679414,0.0047124093044115705,0.020389604863820365,0.1296329489144067,0.0057631449196555344,0.013672126949769669,0.01834363728096338,0.025636100516209476,0.022650782224504253
39,0.007283778135472562,0.023266259722381794,0.020434812972285932,0.022790187145725605,0.01980270660014481,0.017249920480326246,0.01349908099797488,0.022797030666008678,0.03075377105683874,0.024420281300767063,0.03314053257786533,0.02381135447841225,0.5601804886002322,0.02188329146325265,0.007946399103384618,0.05994081498847004,0.015118287555868182,0.01850166257846218,0.025653757550379637,0.03152558202574659
40,0.03093006099090691,0.02797061807704224,0.02600620317318992,0.019148652509755372,0.02242336688579391,0.015427891074308777,0.015644348982157816,0.02289389706907558,0.034947673793975356,0.009199435091599376,0.03055432315012157,0.019777112378651148,0.005906165076236569,0.018745919809475656,0.01284215928010885,0.0587863868436463,0.5622890495371754,0.016669860660448163,0.03523479072037378,0.014602084895957301
41,0.013134393563593265,0.010193165462289905,0.010518550584193551,0.010055362644043695,0.13095147552064984,0.00445340694673126,0.008055919877550706,0.16120932060471121,0.009777404647215965,0.14584650232741372,0.057312984665410224,0.00950106376534302,0.003448516221601882,0.01052360649922758,0.005525247102451808,0.005046073281084918,0.008556036163895293,0.369410345149546,0.011021751031182036,0.015458873941864041
42,0.007743959960446917,0.019286731392396495,0.5754768565861454,0.0312801587194036,0.01584883566522914,0.01696726268219507,0.012657202663746887,0.015544975421874416,0.027035304873688774,0.007008217225353798,0.03895470712272185,0.07104024418044261,0.005514980317355234,0.015114334353802633,0.008239109363961508,0.007330133697193542,0.010003066594473147,0.019229934505949325,0.02660318137359109,0.0691208033000285
43,0.0092939400455199,0.01853679338367455,0.028741390290149663,0.021858297960629585,0.02500454426007986,0.01367273879953003,0.03297907104094141,0.3826395511685835,0.03674650950837568,0.13320825784060591,0.08106638029704537,0.018538650262994182,0.006429635957592361,0.029298498646689316,0.011533622802210942,0.008540980384970847,0.03763292046855189,0.057932209997399016,0.02747118446155239,0.018874822422903562
44,0.01847140260106701,0.019920975609210318,0.04615097992896717,0.6255238081704991,0.01624422127374036,0.025443609130332723,0.012515060156165297,0.010936883340443692,0.027278062303864845,0.014784863119271473,0.04074220990310371,0.012311403029690266,0.008679977362969259,0.03286031672411242,0.008964578789600735,0.007205983048779042,0.009853962115782126,0.015176373554654782,0.03293139738172183,0.014003932456023832
45,0.01553260543575405,0.02246755120899214,0.03589612861154418,0.021076766833836837,0.030713912379412674,0.014183230202068327,0.028906001117584897,0.0415935510537338,0.018580956463378363,0.4961759358501339,0.0649488066936522,0.03460624215696605,0.008394349359143424,0.015907304952006835,0.007823515852259925,0.030701908285199142,0.016231058118340407,0.026614565780732322,0.03605994544923059,0.03358566419602987
46,0.06838326363989436,0.017031754634267395,0.07271188774410928,0.03302574196883144,0.03146808953930664,0.018749071653501367,0.01159502630851748,0.027567004947682845,0.022214153829066254,0.007074504562258035,0.03237946411003208,0.017658008586734563,0.003775226672710848,0.027211381523474305,0.01217947718581236,0.020684453193482714,0.20311990972400085,0.29618585318970575,0.030555323729304744,0.046430403257306796
47,0.19556087326922045,0.004070227650816923,0.11647594777223536,0.0067177125868953455,0.01103595124424761,0.09309017540502947,0.07940247326748369,0.011854068908337045,0.048915670761943426,0.02038551378236597,0.08033739222458218,0.004316096824285237,0.0009070971951007431,0.01666537516418023,0.05345541493919324,0.12087247935967502,0.07647844240022379,0.03141824723580914,0.010799795892613973,0.01724104411576114
48,0.09671450412856535,0.02099160414822718,0.01780471029871754,0.018364514282782136,0.02394999807260906,0.007953234986739697,0.008192897618952547,0.14126665594459142,0.024478769726759837,0.02027445995595345,0.06229788350501179,0.018816441692846634,0.008821419831964012,0.018295989421838594,0.00937060758415724,0.05861101850629461,0.32791244176145024,0.06665892018723463,0.03025230061619593,0.01897162772910812
49,0.010750056547613638,0.01456884095044188,0.05091134531712949,0.014380057565151606,0.008714510640697632,0.005390292745238001,0.01205969336774286,0.07599411874751637,0.11420451459693486,0.004029346649305851,0.07855610883323458,0.007463804445268374,0.0009596399578635339,0.06771415854699717,0.11001932410561463,0.08468169953435943,0.06226295206923527,0.2312643494177567,0.006336051780429835,0.039739134181468246
50,0.15788211729837678,0.0340994878700574,0.020471484778430894,0.018687480086835018,0.0694883471719593,0.013513418330275858,0.012712526026836212,0.01696161716322877,0.01554758444246064,0.009893920535475402,0.028888748679693092,0.014245216297065757,0.002947353246124216,0.012793595590309528,0.006473316886696271,0.0058115469729443005,0.010787330254796479,0.5083466473556422,0.026025529383008582,0.014422731629783284
51,0.023872799521688658,0.03687355795429974,0.025189075954401906,0.025655577803619323,0.021631217349476976,0.03450124665764336,0.03630426696401541,0.028366702014969856,0.020382014454712997,0.011145617345628455,0.027501152524364445,0.023166921621177235,0.004694142315188443,0.015169530659226018,0.010091876026160318,0.46645286271269387,0.115191619292483,0.016276977800951668,0.03365127836781712,0.02388156265948119
52,0.006598557884451624,0.012100375259548813,0.03487776574068973,0.020091002684569783,0.011188746580824558,0.14310248068687187,0.18445048239785417,0.008794128244554469,0.014154219677151015,0.0037032312700219236,0.022015876574773798,0.34921985647789244,0.002875353183850301,0.06536630946632326,0.005891033163000177,0.026678193680279905,0.004591699158153205,0.007645954199229569,0.03247640080719876,0.04417833286276067
53,0.008965447085366595,0.03207764261564897,0.025352291100081907,0.013054326642842526,0.017585381744675454,0.004846716593305674,0.01463238668059133,0.020635567431354102,0.013614992742756132,0.33124779499254237,0.410182750177293,0.011544516634743925,0.0035678049416540568,0.009331218668089867,0.008558349177758436,0.005118293186273546,0.019779468749745437,0.023551425574104605,0.012177676757158955,0.014175948504013111
54,0.646181976774206,0.018580785594575766,0.02836124342122014,0.01565876461961517,0.014154592050918565,0.00888932429289967,0.020523178556884295,0.01651105012743116,0.019985166281116802,0.005963900756136277,0.05405248299689636,0.018104026801946508,0.00749962181013909,0.02476921930918226,0.00712333854831679,0.010100370542726484,0.0232712137274874,0.02380288061563074,0.021913871680769255,0.014552991491901307
55,0.037839466603370495,0.07064506789533782,0.047975704039988125,0.1609941679457772,0.008884492722216721,0.00743757040226877,0.01970874118029386,0.025667866784619325,0.03575962381331462,0.028478229536095905,0.03273690061671389,0.02077053727591974,0.010077764533566663,0.17092090487472938,0.010141922860858426,0.05398851704101247,0.16121902212118627,0.06496207640280437,0.013031966084946908,0.018759457264978963
56,0.036444635661312993,0.016764032838678923,0.013006054113617212,0.03059689158942643,0.013832440746465157,0.009873492792532716,0.013055129561656458,0.2553477917411836,0.015824770965006757,0.010402421567671348,0.02939909205882518,0.0171494164474536,0.00526681285730792,0.014177885323669193,0.008797240361365668,0.005265249983971202,0.008689397614469829,0.45891276087903776,0.025574264039221892,0.011620218857126139
57,0.028275082234604572,0.01905919263011392,0.020106756870093966,0.020342570043173764,0.020694992572022546,0.05694149301378609,0.012581914736356418,0.0542082377410134,0.04291140091254513,0.0072865823063324115,0.034412514357165455,0.015872096305942374,0.007143484213762277,0.02160125854826084,0.5580889384220107,0.007315401442747156,0.010370487142470021,0.015165302128420143,0.02803780648192069,0.019584487897258262
58,0.08725766521518163,0.009813027958881355,0.030285645535019595,0.021715162863592964,0.02109999013421193,0.03492891346594746,0.0626220500966277,0.00927251118093347,0.00885695211058048,0.003928185810928775,0.016541351982958353,0.04085083398652951,0.004691899107727186,0.05235165261888426,0.006562188809652044,0.4673366296474377,0.04840740604537967,0.024402816813544177,0.015336769810479083,0.03373834680550259
59,0.014243797359712448,0.032353475640193134,0.024436687737360466,0.024080949954567863,0.0914874922956174,0.01102931131143208,0.021141788411892848,0.014692900187174488,0.02230742362892888,0.010877121396674223,0.02737633967868842,0.025596651782426285,0.008251376899039799,0.02224440103233607,0.009020439767086195,0.01011979038062484,0.013102376861738147,0.016509129895770365,0.026075480015131262,0.5750530657636047
60,0.011603912255131826,0.5690886268118626,0.025903903959444616,0.02224856956287195,0.04493557366645218,0.009928531791478052,0.025206109904880973,0.02171235315856649,0.02682627009565265,0.010343097034699841,0.03357059040969642,0.02613927945057246,0.009346502591995444,0.018200774446618714,0.04292461333938436,0.009032659784222167,0.015810757681303952,0.010523428890319509,0.026707978966896778,0.039946466197949074
61,0.007203765280628952,0.045192642253085565,0.017603469953214233,0.013357119877389217,0.07612220405933927,0.014617520977218901,0.021370296762429075,0.04612519621478767,0.02496391430645309,0.13944878294021743,0.057671955437556384,0.042267168943585585,0.0027576153391700754,0.01981098695194256,0.0075683010159936365,0.006015562009555911,0.06900251296142355,0.042387214490226637,0.031022362943813348,0.3154914072819689
62,0.03988969227813908,0.03367425546245754,0.12233498585643066,0.23271436957369382,0.07207174866082562,0.015078180949621073,0.1349553073307848,0.03804475113797582,0.034209160612288146,0.04766169438485228,0.04213482919202505,0.025057220638526893,0.002750397943814991,0.02953563378767796,0.005541014860055407,0.028923595661885213,0.01841872717898805,0.031176698587309103,0.01927233735095401,0.026555398551694444
63,0.39715412992707566,0.03604020553973035,0.024591341488479218,0.03252627992437557,0.038562441086108325,0.02120211317574326,0.018698735431445384,0.03880790447308402,0.034326618017204685,0.028847333631028437,0.04844208699950935,0.017853210368645425,0.0048971819691108285,0.022306318061363545,0.009466828147792126,0.0865057801846995,0.01597758806732853,0.04824695999263094,0.040043902408916816,0.03550304110572812
64,0.04035165087676281,0.020535058563112073,0.01804635518205658,0.018190159020114036,0.039565075915911754,0.03237993575029251,0.053893305150812185,0.02366122906444678,0.05131138223056742,0.05621920458232672,0.023603352140647096,0.0988896000404625,0.006475676901784259,0.02948838920643414,0.1062084099510844,0.14107445641868926,0.05108400508297899,0.06492372675747839,0.013561573207490824,0.11053745395654722
65,0.015763653946928496,0.02261303131868539,0.021017834994736632,0.01340610297562771,0.020231578080393806,0.008106062977492435,0.019096183445194342,0.3603214517234253,0.018174680656555215,0.18437640136300887,0.04947779237099057,0.015720926961717212,0.015017159549580062,0.022342384889852154,0.006475526706548854,0.006221190553762003,0.024280393613065474,0.13759774997158955,0.021998520144311168,0.017761373756534696
66,0.09244186587731866,0.012209659365191753,0.01419211900769474,0.02754034256301465,0.01592926988528137,0.015612453505096978,0.014504618515917441,0.03196242002162936,0.042489210040545414,0.04505414149138382,0.02248977975535152,0.023807150619301363,0.01570990745342419,0.1933313630497769,0.033559910402491226,0.19922308096273364,0.053673215835072056,0.047930994802345375,0.06084298769933638,0.037495509147093105
67,0.04801278788679708,0.016017462569400034,0.364937633513767,0.11273815263777291,0.017846266408878826,0.02479171839214561,0.049248876743544626,0.012041934153037647,0.02511924727762436,0.024365695647171583,0.038443960508119955,0.0763877688732313,0.002590457351029561,0.01756711831106936,0.007767253619843615,0.055105314587855156,0.005682181886187126,0.020944000401949613,0.039371329587844124,0.04102083964273049
68,0.014694950067752538,0.11532198966149969,0.012298043907118819,0.00993906201774171,0.010908143451103308,0.004689467530643373,0.005300743724891476,0.15465220704040178,0.012573429216126765,0.03348936607492713,0.12554139822034813,0.0048912199310943245,0.0017396404013222335,0.028379339003827227,0.005569595088463548,0.027713164565939568,0.26993935684195386,0.11318798343180514,0.04184442070907244,0.007326479113966934
69,0.09422902193309371,0.07762698155411188,0.01643692865436387,0.02364724002999562,0.012298285739000566,0.012666926784182865,0.018483893352634412,0.10279626947703213,0.017813707654666458,0.05851120689150928,0.03587789879590992,0.04148939974825456,0.0014673057752159744,0.10430566893127909,0.04406362744245364,0.052311560947751835,0.051974926624031914,0.18950633818690626,0.026739221594271046,0.01775358988333496
70,0.025376530396331642,0.030861136414648927,0.024212158189095275,0.014582558427131612,0.021560442817002697,0.013163481276391916,0.020037664273063454,0.02161224317737428,0.017108416009861127,0.01895395249390194,0.02006129083490851,0.025876342622898507,0.015465940247546541,0.019421254266158688,0.005788303280230271,0.5206069167319312,0.0885846131993944,0.047492709335186,0.026378947351624403,0.022855098655318658
71,0.04637725456212064,0.02050479242445367,0.401376502514278,0.12877999367519982,0.017145020254305133,0.018883083566162105,0.022079717862470982,0.02249086748477653,0.023060488474260583,0.032633312949469834,0.039548267729189054,0.04998715978988164,0.00684613176589287,0.030225592122342135,0.007665083697208776,0.025304310543285493,0.014046634305803616,0.016158077680482386,0.027719565174166304,0.049168143424250445
72,0.07412724846665499,0.017960176103057467,0.022437466718513665,0.016820492775337387,0.018562750194472347,0.05438394461246417,0.026695055981596234,0.023033600471877226,0.024076470568870304,0.00924346940382954,0.022241617540281432,0.03724686328415596,0.008363791180892154,0.021707293588711575,0.013249176983292804,0.5414638604858386,0.01988914939846253,0.009914038270601864,0.02010514202442241,0.01847839194666732
73,0.047298791153025495,0.02557738603457366,0.03405386790906292,0.03331006066633423,0.027789320359734304,0.01931721012663876,0.03353506698289562,0.022047793702332733,0.12167029638340379,0.022512818451906065,0.03840594555649389,0.0232069137393004,0.008419039994395276,0.020538649604419403,0.35116062139233645,0.0662739426189077,0.017256969134207968,0.019692760601374176,0.03758205757302263,0.03035048801563452
74,0.023153758820252533,0.5112307402627102,0.028433718248088928,0.031466509954817305,0.052826718323762054,0.02291979443074758,0.013162929776694381,0.024353716231790636,0.0246161833509164,0.009921979264718115,0.032137717727805395,0.024121964947696167,0.015511897254044357,0.01875782303806465,0.020223980899356928,0.020453862240121762,0.017204369388687694,0.016895148512382073,0.05585412382118419,0.03675306350615878
75,0.010865435040239846,0.02622231069987609,0.030216454281926725,0.02593875841451883,0.024339430458332086,0.014954741188463011,0.013024828117451223,0.011848519322655704,0.01729296731507799,0.03941959726630515,0.03749146777536472,0.01929364041564782,0.564347142580645,0.025505800186029735,0.009080638601673704,0.033773130469690125,0.019096902674790556,0.019126113879649933,0.03091839845689878,0.02724372285476299
76,0.0906763844514589,0.031064630396715587,0.030413333086537164,0.027649071906574733,0.016908004747242734,0.018591306291386972,0.013601593369957064,0.020439313369357386,0.020557380020522608,0.008607591976771717,0.024036704256682796,0.02023622192770504,0.005890470735423406,0.020018964724458334,0.010181538833770742,0.13610205912537973,0.4320559529576041,0.02448505532119664,0.0333994080238479,0.015085014477406426
77,0.04135748656811568,0.020677519590125076,0.014073059507439593,0.0503717364326678,0.023224748750096554,0.02273905156866824,0.017715326811468445,0.022488037219378733,0.030380947648362484,0.0066878250539672045,0.0428555679249114,0.030910521851297553,0.0032978069815067486,0.5641958524068944,0.023289865200533923,0.01420738104572546,0.007786277080632456,0.017160307609629447,0.029313592760180758,0.017267087988398138
78,0.006675307794944689,0.031106537019486256,0.030993454812260894,0.018779036396514615,0.01971057587116507,0.6726868130171332,0.013001176031518073,0.012193141871504163,0.016926981882037662,0.007173197990172709,0.02639921845720608,0.01548822385303614,0.006903740570366226,0.01631970553420511,0.008400350851855707,0.018245040249890734,0.007644309397590179,0.01920135359679045,0.029128611714715147,0.02302322308760691
79,0.03389341493442701,0.037414388125896855,0.1952681273718939,0.28166989788232,0.03386094594856994,0.020890869603803625,0.027770521896062723,0.03850435697411329,0.023788134780597752,0.015469272782170099,0.04698967004666675,0.025822620722459156,0.026523704300206976,0.028507306769660592,0.02043301284851298,0.020937952472741404,0.028067719780352662,0.027097304936718192,0.04386852092560486,0.02322225689722126
80,0.2687577878548507,0.022914266671614454,0.032396062170045356,0.029704429326906822,0.041470825395803705,0.12324615184397454,0.029822094877204053,0.04199082044376152,0.03941970448796855,0.022957219926159084,0.042854238794266905,0.03758505898899056,0.0439739096238125,0.031230843392520465,0.016785999549382865,0.029608820436650325,0.03857773702830214,0.0345911559550101,0.03992181281604002,0.032191060416735334
81,0.03058165886202165,0.01969703152182389,0.05315521670401511,0.044408138947057585,0.07298743951062671,0.0306730530887949,0.08182298525657564,0.06559765980416679,0.023164042903287614,0.08716962648007749,0.03546731166236764,0.04312460160772426,0.008708937470028348,0.03038074545857045,0.01625938399878318,0.022096843581600138,0.08340364909041828,0.02051563560344454,0.02386505191937509,0.2069209865292407
82,0.009803958956296368,0.02715604237820885,0.029258550191296674,0.022185064948468235,0.031394551030072715,0.012190220849287475,0.05089733312770501,0.22374728642209132,0.020249834812757616,0.40647464210074613,0.03165844501878093,0.016764690095988303,0.008361234579714303,0.010083114876704588,0.004988358903272977,0.01418006428439052,0.009677480502029604,0.032504311756915975,0.024302820215488213,0.014121994949784158
83,0.12633790386940166,0.0073073341773780285,0.15009165562349525,0.1663829589040275,0.012036811994320074,0.09522942894146702,0.03435853158492951,0.021142317581950933,0.01004636183146922,0.035872828384656906,0.02186923439646482,0.0317755672091764,0.06780601161151494,0.038990535580749684,0.005979846905490441,0.04220523832945189,0.03375044056633869,0.02913144505210283,0.022562216458352734,0.04712333099726147
84,0.0686806500257556,0.050072801817588275,0.0068100818578634955,0.012332073515819447,0.0260024206662914,0.026896125661012658,0.04781601399142515,0.036544185688341675,0.12059059960740062,0.009282533466354487,0.03087100016934156,0.03653765716710266,0.029047302182628465,0.07400902561718214,0.09183790591715038,0.06379526175553095,0.1766324263683319,0.06612984215685268,0.009782637988155896,0.016329454379870604
85,0.012450368164759553,0.04828539200468091,0.01458283134798027,0.02018689644894676,0.012365716884492423,0.016405484457387726,0.016947952481239443,0.2237326561380511,0.017185057884842272,0.073698816403898,0.14945402459190096,0.014831462463502408,0.0017666207754891473,0.19277183749898189,0.012293874257422165,0.029791541235390347,0.01774551991428073,0.0923815216347278,0.022207502702400676,0.01091492270962542
86,0.25693039225859043,0.010917354918552242,0.03559731364728084,0.08507452557936368,0.0065873921737589925,0.10123768114113543,0.009730887663169667,0.05359251489955898,0.008413187509654163,0.031972147926260026,0.02138891455608264,0.008791898649416456,0.028136794878448244,0.08781521363300285,0.08776627045977872,0.0905328434662738,0.03655694550815623,0.015685332041796462,0.011508715416299272,0.011763673673420825
87,0.019839371860255473,0.019541201672563742,0.3554969261874749,0.08361259970963186,0.02182012768650191,0.038377906160950215,0.036666681978101794,0.018301378737993368,0.02184846330921052,0.008070177333965268,0.038104052330883,0.08835449832445767,0.0033118324350698693,0.02900342166789949,0.00922255167827266,0.12038548320971783,0.011362106773810379,0.010827712510387872,0.030304945225893963,0.035548561206958144
88,0.027076973014085647,0.018155557969044164,0.008098789691325737,0.032403223909630643,0.01304423949069689,0.007330816876601248,0.05247748396123475,0.05710475219780307,0.09675700995203554,0.027370272020862233,0.03718375929799308,0.11954663676763302,0.07934010182182406,0.0532180568962986,0.0464962533067018,0.07960445735314384,0.07778329711195985,0.057977644807804506,0.03527170435462825,0.07375896919869308
89,0.16167990273672347,0.03781517218231916,0.06049217491568012,0.06868627297260345,0.022272523481820624,0.009875044547541411,0.05387272779543909,0.008114984345040129,0.03191251485951534,0.033615412345290724,0.03936395397992766,0.035102483018220304,0.0063261801745701386,0.24440472800797083,0.027534174201398563,0.042430627269383826,0.033154025571634174,0.01695499988951653,0.04235162813960086,0.02404046956580357
90,0.02393771498689812,0.04541762595381615,0.037011782685907726,0.025449173587534343,0.030693308377694732,0.01957615341287351,0.039856817354533156,0.029217886131318784,0.027759278916261697,0.02169836977217871,0.04635969133840193,0.045977688812396375,0.014606302664596971,0.024588192863682568,0.02704215071146297,0.02413744808474497,0.02178626065542614,0.027929229458099197,0.04055764492353192,0.42639727930863996
91,0.04904597272172125,0.047412461797502754,0.012914456165622704,0.015490352355043938,0.08101034098482221,0.00958472911381061,0.016911517218516987,0.20054417732859406,0.027002993010524064,0.08841691417084843,0.024971109696763492,0.021775595685831928,0.015062300273355781,0.00901897239781165,0.004435262646013446,0.012316339641525538,0.12388760361074073,0.20282280868024252,0.0251221929464813,0.012253899554226578
92,0.01740931453829745,0.4779523675952168,0.026193630121360188,0.0335350238847227,0.05709635130680397,0.014342578363736464,0.024110989204421257,0.02668939274791538,0.03141750581302259,0.010439770310489515,0.040927845535715136,0.02450340978742399,0.009566082959738353,0.03301478438544813,0.030388284822122198,0.025491929864290695,0.015285457924443148,0.02119152805501853,0.04254198161763083,0.03790177116218267
93,0.049033123193278585,0.06146514936028629,0.029613769083010003,0.03582866342386282,0.025665096251733632,0.049682805453058206,0.0280328915706622,0.01432470096352334,0.38538164269721165,0.007837980487218092,0.03518226470175581,0.026230107993706415,0.0029501302705716033,0.07711369599036036,0.02398480559386923,0.05271131132585725,0.023281234625344944,0.011826413650263488,0.038196091116377305,0.021658122248048774
94,0.07233587824303077,0.03602438426418726,0.037875692741585906,0.05457901090433088,0.025037389969797486,0.04501606989211423,0.03086968744246622,0.03211357503352198,0.0531832594610534,0.018158797775273603,0.0233303574295417,0.03028838129825948,0.010006133393997724,0.01557819078503815,0.24146822729705125,0.1263573599705811,0.03035384978991474,0.046931227824323116,0.03489161954668087,0.03560090693725019
95,0.14592855113995956,0.05294180708631787,0.017988701439710115,0.03200144174689849,0.015344165369371675,0.01104604221306373,0.01963323923537594,0.019668460498793772,0.03348123850943723,0.029071487639624558,0.1235360040116102,0.050741281323811,0.0029655269472592606,0.03417538573726364,0.04334050198622087,0.09819230956660555,0.2053307988932843,0.016550566009295255,0.02313216123780304,0.024930329408293875
96,0.008204237752971692,0.012816334745795818,0.016423846876773108,0.0211825183573919,0.08377921176525997,0.008864174569946386,0.016165361453500404,0.02178156757481043,0.013710279312833059,0.2944721899138113,0.06296416088435666,0.014615023074061002,0.009444751155291557,0.017269522467794132,0.007662748845942841,0.011810233235391552,0.007569535119585378,0.06982371595462207,0.03923384747816856,0.2622067394616922
