site,A,C,D,E,F,G,H,I,K,L,M,N,P,Q,R,S,T,V,W,Y
1,0.005432672580483102,0.012033533463901118,0.025273712050187042,0.02031028250580661,0.01418536425845796,0.007353534130607684,0.003985859782623428,0.23554023571756516,0.005432661432789641,0.009459816197093648,0.20945515702012166,0.011411160980192507,0.0017369606961030654,0.008527488031267485,0.0029788779957363692,0.004102528769410709,0.2045807149357201,0.18649998008178223,0.023303653135238307,0.008395806234912179
2,0.008995465003351204,0.01551013358282593,0.02638633386763396,0.01937660264040228,0.022811548670007543,0.07391785649572077,0.02735444518566425,0.019923311766743626,0.026593830039212986,0.012214935077984481,0.053432017852958105,0.01944318128379325,0.006489320192801279,0.016835694389959837,0.5108280061198978,0.036807196074472075,0.010368862325983441,0.015412566077182121,0.050777301522184994,0.026521391831220188
3,0.007006611765679176,0.6695041314942999,0.03298561356968736,0.020409167509219565,0.020368944576455744,0.012554130566498215,0.016927348221394373,0.01879304753345056,0.01315500096269417,0.008369807377425584,0.016155260124432438,0.02094608561727441,0.004105120604625849,0.023321147709417515,0.009637842630292996,0.016352888585272393,0.012119383984386646,0.010085060881776414,0.01817242629598225,0.049030979989734436
4,0.015382695383125155,0.023975002626116567,0.03180901308315784,0.028767268503670722,0.022596925617683134,0.013148747620380005,0.012924600533217928,0.413539786491281,0.018414096287550478,0.015120830136974522,0.05995119452707698,0.04533777282139149,0.006733187677862763,0.014926062759209074,0.005015177017497844,0.016212440475743703,0.030896332865982284,0.16765899994394146,0.03690717662598541,0.020682689002151602
5,0.010027164000945585,0.014969703769969967,0.016644854700337875,0.046380978032609314,0.018793330357380608,0.7242435505586773,0.011625426296306965,0.007424656632124151,0.017021411225875617,0.004174412487454728,0.020471785271406494,0.011270258699554546,0.003980321113894387,0.014403072988155189,0.010864332913206237,0.007775137437722707,0.005414299248745125,0.022081388965074323,0.021117826068703802,0.011316089231854948
6,0.02084849496143365,0.010355449782565656,0.013179498813945398,0.018840972089620548,0.026736839293849457,0.007627533991295074,0.009008097045431419,0.30249303553110024,0.010097195767025103,0.011069922392987574,0.01824535134488029,0.011508746125794058,0.0023557483822834787,0.014583558869069388,0.002941734624942556,0.00321559962860084,0.0038946991770306373,0.47634224076340026,0.02708154488943233,0.009573736525312071
7,0.17869231085866796,0.008460051592268189,0.02613919262493662,0.030167239874447166,0.009380330549488242,0.03139896024520179,0.003536836786250573,0.009347076759541422,0.0045995592902284945,0.032411404322770454,0.03201937372343068,0.046163641926358134,0.0633893814367188,0.11713421617804023,0.002558132643606612,0.15108590503101027,0.025816300968554768,0.0034296261247300413,0.01738408153925512,0.2068863775244945
8,0.013337176985802774,0.013173916619404747,0.07406383825504462,0.02685676193286169,0.017200733813685823,0.008110224267779503,0.010467248575030721,0.009382874353999239,0.029828605311295532,0.003922727632254051,0.025466138207825485,0.6220420343126967,0.004080875561661171,0.020271611098281427,0.004825189625442828,0.013408384329951584,0.039036889185534274,0.008938405983461096,0.03072667776703374,0.024859686180952963
9,0.031179023548792123,0.02236650651852799,0.02926952279492644,0.021640414554066432,0.017757767120207362,0.04151160241889321,0.01559680434188362,0.02075712769168277,0.03415795729320905,0.006369698205287435,0.031050935261626555,0.0172752184068322,0.005964301764830889,0.02660956931934052,0.6003313862489295,0.009603677795389166,0.014668298042304701,0.013039942544962393,0.024551028983058183,0.016299217145249473
10,0.0065188933449465275,0.01114970934849586,0.7821626218931256,0.025311389008027364,0.006781342715743615,0.01255989473146856,0.013584757195256453,0.008690802348960887,0.007298713392944578,0.0035719770452327902,0.022164190684955287,0.03165818491806381,0.0026190633082145234,0.007809174537878225,0.002927982864051411,0.002880107865806997,0.004061781798425066,0.010005995159283566,0.016170540094754698,0.022072877744364183
11,0.010503243932762623,0.028621556733862914,0.018277327503767815,0.025676571591732405,0.6381635857449283,0.007691656327322971,0.017638124199965036,0.02517443699352496,0.012213242038925608,0.01882290830830375,0.04079664504573384,0.014551417305075337,0.005013568335145826,0.01614543540417828,0.0073988568921644834,0.023613355164434417,0.006471306504399424,0.017629849236823265,0.03552477144973522,0.030072141287213573
12,0.030417275030772118,0.02231926088442213,0.014438485863294178,0.029829781793416887,0.015109633672027731,0.013916257685770853,0.01392387209346702,0.12919940492820575,0.011235103190548452,0.004577720267491886,0.054585556614889716,0.012320752733680511,0.0046041639839734935,0.017402248745606287,0.005134476615275257,0.006133262254400927,0.005280624115546266,0.5736074352548665,0.020830280279893316,0.015134403992450848
13,0.008668882405423961,0.02331494513261529,0.007721254903413537,0.6648131066335117,0.01611157905878035,0.036684420208740826,0.013922598380713557,0.011854409632126441,0.017522945543083406,0.008969538025761132,0.03361737741936189,0.02070301948884503,0.004671037460167487,0.029348093024124743,0.005031346606462936,0.007789776802788612,0.009741121845282832,0.02925381943134322,0.030166080017335083,0.020094647980118074
14,0.018807641243368076,0.025423004802471783,0.026476248884581693,0.020458730513435597,0.02478559363668081,0.5874386131716702,0.010536164099026125,0.0184446202103791,0.02858413462245295,0.006629926351251633,0.03570665743339023,0.016185020571065335,0.004180011385162104,0.03039112132095948,0.0043373355440255185,0.016742019392121922,0.012252899111226543,0.0734266850859277,0.022330131156413698,0.016863441464389513
15,0.009492945185499476,0.020471330253219365,0.011342726547872408,0.010769750836693053,0.09643573914829104,0.006992863338126135,0.012723258609570761,0.10146872337540691,0.013818493166973955,0.011465796660967028,0.44145900271234967,0.016799052115838785,0.003661689448316278,0.009898589903004653,0.005668184941526938,0.004252298354165971,0.06183130802607935,0.0406652138071924,0.09178035031014951,0.029002683258756275
16,0.026124685418088746,0.011860644562501273,0.013004997600451679,0.00849000404636168,0.006997435693121975,0.005346379959577751,0.022008698890046044,0.005468269605711914,0.012052511415088531,0.015907827726675407,0.02573868786084335,0.019200192701792653,0.006773457431703152,0.009816890898091546,0.011116618108192176,0.5768435207627599,0.19408917557825867,0.005870410229631045,0.011289994835647202,0.011999596675455434
17,0.007850824056746735,0.027082328723579168,0.033457479795625515,0.009310830021435332,0.010783495993175478,0.742261668338837,0.011168680013686844,0.007956209753216039,0.012856582778748937,0.0046472764631023955,0.027493525176936283,0.011611406194052279,0.004434474902895829,0.01937306738858821,0.005616614513750931,0.009824353289531981,0.005988938729129568,0.01601017682463609,0.014833777031053211,0.017438290011272083
18,0.5627062595248693,0.01130809865921262,0.008322114371961842,0.013854642233161091,0.006386153844749165,0.2834570382143834,0.008852331107004053,0.005201574386862608,0.0080738483106602,0.00411415595899056,0.013303642894563738,0.008486267536417418,0.0032281047361056537,0.009041431906691882,0.005275731995503035,0.004663563013707813,0.004038859065994877,0.014135368235016179,0.017326940467662623,0.00822387353648199
19,0.04192775317076015,0.017165689776504046,0.02133055761694725,0.019519679462184025,0.015987857682568125,0.009943124463216695,0.011885261486094267,0.07804224581924521,0.022544820206638696,0.005288334014347775,0.02739748839653336,0.026534024419437762,0.003709420865643365,0.0191451131855989,0.008576646445514412,0.00931464088318444,0.6128349349442159,0.008425565013229655,0.028321872628701006,0.012104969519434952
20,0.007427988334404818,0.034525413346637654,0.013393566902531929,0.012959940110484156,0.014083228268156786,0.01187258329175842,0.01747858300918343,0.013052931220864306,0.015327441088043015,0.007896345368928848,0.017456542364127837,0.016073554956180233,0.004670307795555507,0.0165891087182618,0.021306143460989246,0.007053288999454002,0.007407866142411157,0.0070063239762814325,0.7408479241726471,0.013570918473098225
21,0.011750072857384,0.013568000605185471,0.008291072812558494,0.008166262380017041,0.018641741882058593,0.0051346401143764365,0.0053673473351255,0.2674455034781906,0.013909134249064852,0.1871442189499457,0.033101786319984665,0.0135552185263338,0.0019519655278161976,0.0072931063727936065,0.0033226378785601736,0.005354198233710321,0.007084463703183183,0.36509315223466354,0.0169792159504013,0.006846260588646544
22,0.012016954556450089,0.0179899278012763,0.6766478167953164,0.04484166122987997,0.014742513950551922,0.015034250426188417,0.012240275029552801,0.006843244029606364,0.013476414565647452,0.007697887144401168,0.02730508579172719,0.016480957725291838,0.01050942529843176,0.023109110544616236,0.006774254656844593,0.008491537970414322,0.009688758081969558,0.013013820389209618,0.018308588689373698,0.0447875153232503
23,0.028742141790701912,0.00875322755801579,0.02261037754653639,0.011079549761868774,0.046454197816954555,0.008237097824690199,0.01854387262021685,0.1361333820139941,0.017356193470806604,0.01948655161886091,0.033555397513107224,0.01865286516987242,0.006601000842015958,0.027068888914616417,0.004831001267378047,0.005060072314108965,0.025358475371904398,0.5270541564938226,0.02080746380045728,0.013614086290070677
24,0.023761836669545518,0.02599946053253206,0.020013763942055614,0.019667657445452895,0.03213359187401919,0.01498386582969298,0.023621792370136972,0.12290261182449444,0.026661266228841213,0.019563142691710705,0.0312906448155801,0.011782218364798832,0.015186327299774444,0.02663917344411993,0.0117522210891307,0.010320716926621603,0.01398680758111362,0.49892321156375824,0.0319075172727802,0.018902172233840688
25,0.008986518315938122,0.015974744192095235,0.01312231867503216,0.014811732463510011,0.0227728846430251,0.009968746408394394,0.023725482905282112,0.0286516000619673,0.02095714094273553,0.6528141204466962,0.027087514210159164,0.023646357940998546,0.003333585099132323,0.01565009375186123,0.0051011151421355636,0.0180369368574137,0.011696142003297456,0.028513634085365593,0.032684286259524756,0.02246504559543558
26,0.008242660640428048,0.023831771724787076,0.030732166614226654,0.6376667002281078,0.01771248986914217,0.026501177444556656,0.01091849966406952,0.015017675488387432,0.048053270113062305,0.006130445448072398,0.029374487428065293,0.010536485517887682,0.004032735018239457,0.034634447002645154,0.01046130216970605,0.006364607772709079,0.0073704433539302314,0.028021196048587216,0.02971576708862539,0.014681671364764412
27,0.046908157136313224,0.007966862409301086,0.02041730487862605,0.01577873740679955,0.01992642355249279,0.03382916784082826,0.1866428473447443,0.13803496238963214,0.017633171750813463,0.046992920907011966,0.04792834224174855,0.033967847840084546,0.014696676057399202,0.014232258808341428,0.019557443538936372,0.04452105580747612,0.128813446483571,0.11339843643430829,0.024892969387840476,0.023860967783731257
28,0.23478318953926736,0.008045528302507614,0.021043403105081734,0.020431334126779485,0.007552076362114432,0.40352431731481325,0.011056447088658623,0.00537554830065128,0.012162859697439526,0.003371556798162955,0.01582775305396022,0.015074176108132682,0.00409628166644743,0.014260414294705976,0.014060215005786008,0.112013011968696,0.04057043782747754,0.032959761793570866,0.014179608313556696,0.009612079332190306
29,0.08629273868513583,0.16447034157293164,0.0030459577378692485,0.008118057364497597,0.03491481352165968,0.03920314840344078,0.0009327653628572703,0.001873229217354865,0.0022621048713023333,0.27481706524467253,0.008900045630211986,0.04325492242192209,0.00033876080509558884,0.0375085280807317,0.00042568095036288117,0.10788323971808719,0.12623056850943692,0.007666082148600048,0.027419469693573607,0.024442480060256212
30,0.0077297234151655295,0.6652875139681583,0.022575538179124194,0.020811888408504696,0.0365858453696574,0.010037726843379797,0.014870030066720375,0.011159396954303966,0.01624084877609249,0.00500514122251855,0.02129265130981082,0.018124215788057153,0.006726676537366182,0.02084562010354465,0.016986975659533637,0.028394828484580074,0.009745322958284236,0.013023593936221895,0.019054719333350414,0.035501742685625684
31,0.04157222000795509,0.012404581782997418,0.0165149115334575,0.010977334478699677,0.03421408323400688,0.0075005622820777385,0.008627205150627374,0.030623025692746324,0.01157241251593577,0.02214199832578495,0.019367524542585807,0.01107410906125968,0.0030828505730047953,0.015321780921288341,0.00471194487643164,0.03888653364880983,0.13375308065024621,0.5519315243336396,0.016290894997053038,0.009431421391392478
32,0.02481207801812869,0.009854589748512303,0.009368592478206508,0.01684662607371868,0.01219355593993914,0.007013751511556683,0.007386603476839879,0.014153289167559263,0.010204901651554372,0.0038665708183467525,0.02131771775272326,0.011031265612062123,0.0035463079095134657,0.009060034489532699,0.0042563096632578165,0.09007749270853367,0.7053527039743197,0.0069352712061807225,0.020870276969702804,0.011852060829811484
33,0.01980458202776041,0.018505074071654696,0.02117279856832226,0.013858285498437544,0.015224515570176012,0.013036665844485613,0.018027154888847003,0.03187910175027261,0.014147774015155573,0.1149248480243151,0.13317951279289733,0.019049575277224416,0.007724273896657483,0.01208471367128413,0.005879899734774814,0.006471049060868081,0.009325422374532991,0.4986552369036481,0.011938292406842434,0.015111223621843426
34,0.01178703463771134,0.022725272325311872,0.022018511477433625,0.014241670537976706,0.023788636650898795,0.007524242094805585,0.03698948386438657,0.021453394662714426,0.01779638339283126,0.06499850906933533,0.5307380845915606,0.018673598798925068,0.011918310751685937,0.014200100591494177,0.015124191841154511,0.012869177434036252,0.08673363807304808,0.01556867942561605,0.025881485553934224,0.024969594225139606
35,0.29754588621827,0.035058482516996926,0.01321583332739187,0.0045787503166330405,0.010287845569302278,0.1504173177633341,0.008897452304598638,0.007157842014511723,0.019159963832819187,0.004136894963664199,0.020672749174425072,0.01633048290945963,0.008916884295877883,0.01424604878032435,0.0034077487345983955,0.29796296546561873,0.02513124471095058,0.012690000133340882,0.03593851518284841,0.014247091785034088
36,0.04120526866136793,0.016222489370254885,0.01263506743313909,0.084525329779304,0.017619665306976284,0.004569663609642838,0.10947061516258831,0.050491663572333624,0.07906109114978958,0.010555442823860924,0.05556608430161175,0.01941333027874843,0.029020116934289363,0.09504030291728462,0.04409891738638326,0.08374075816620254,0.18507942670141722,0.016682006439150594,0.03413955037511541,0.010863209630539342
37,0.1297760363326228,0.009788991227330377,0.1078713143541021,0.03642374088921656,0.011377410387057085,0.24909475579293736,0.14099036567585613,0.007287494549749718,0.01151189725278025,0.019729291082470866,0.08033935106335897,0.05946410486482773,0.0017980679810226136,0.01333910026044049,0.053265755026538575,0.02000674936505128,0.006384904030961101,0.005386929121304041,0.01870233138003747,0.017461409362334448
38,0.021725216382303427,0.02538120897650874,0.023497928585300847,0.022765295480562508,0.019324499393580337,0.0073223632858836945,0.014555439285226176,0.01305942570246105,0.5107769890468624,0.026144676479790057,0.043744116062582925,0.03772171672561647,0.003822028881078072,0.01772600106975537,0.13408636628489637,0.004269385870113802,0.015340899173559738,0.018485995166482413,0.02083960727356376,0.01941084087387184
39,0.005562449746827587,0.022799445784814288,0.02031108762282467,0.02013177783383757,0.023056990108809017,0.01529345962842486,0.011373164184956057,0.01933527869768379,0.028667037992422307,0.023756472251456644,0.0332000543825422,0.020346956854523,0.5981725883409063,0.0165930420959617,0.0066246494149544465,0.06157524014522477,0.0067260990779690845,0.016472507801756305,0.020586966481571913,0.02941473155253348
40,0.0295106874911767,0.026084969890345488,0.02359308789520261,0.019892081408648277,0.0195822583806955,0.012336585494358118,0.013391351082534845,0.022636430083980717,0.024088230234512627,0.008203451717403939,0.029116634053749146,0.013015505802884287,0.005546637202473883,0.014810352090206693,0.013907572155002549,0.057218519105467124,0.6114743444562608,0.01169974052574509,0.0330628979188011,0.010828663010550554
41,0.012360358544504067,0.0070070157262528115,0.00825266985389059,0.007605755032596073,0.14377358402620444,0.002647727793489934,0.0080234393267638,0.1778965896277827,0.007305278384943915,0.15438242347027806,0.03241880425013477,0.005591480170624749,0.002335922497465261,0.0073040098806905875,0.0031042800369953903,0.003812436928321527,0.008735450729440852,0.3831516816083572,0.009813068603071476,0.014478023508191797
42,0.007979735751207381,0.01684418613901813,0.6342107719697171,0.023797372948740365,0.015340419156232812,0.018026740882497692,0.008931872638942054,0.013644798458164256,0.024813461463922454,0.006183824859060065,0.03919237518824503,0.06269172343501007,0.004473928013132829,0.012874611313888848,0.008818407630281922,0.006799635534533931,0.00927932857447738,0.020067993669617413,0.021742243383848534,0.04428656898946179
43,0.007350016428143305,0.0129668149333135,0.029301083244257238,0.023179943928781956,0.026112244785382228,0.010391769134260825,0.03294465429602688,0.4244929772706681,0.037736478746241156,0.12723095790726743,0.09881761190510749,0.01607234249225568,0.004493446469249502,0.02189773968089286,0.012427287224956693,0.0073886601114215395,0.033292707580362665,0.033556126793064064,0.02634011067425726,0.014007026394089645
44,0.021249615753727514,0.01637103392789565,0.02742173505671796,0.6733881379539317,0.012148000219408513,0.022469451587548376,0.009774823028769353,0.008571765206959124,0.0293137521863083,0.012285588893889891,0.0405908632073215,0.011357487860249474,0.0072193858570407405,0.03175585790463818,0.008369663112787968,0.006034626350350122,0.008531291497876342,0.013468192223149605,0.030979167651107798,0.008699560520321947
45,0.012845025006868415,0.02265039474270415,0.03574763863495225,0.01719484132552029,0.0281663808896498,0.012805470748453451,0.02892987944949562,0.045345426469536584,0.01556554530698066,0.5066168655702639,0.0771310164470564,0.03117472218319022,0.00604075588170759,0.011854123573122176,0.004928606135088981,0.02987618180965465,0.013282491604934044,0.030039031862807163,0.03728115497201387,0.03252444738599993
46,0.08086802098947099,0.013693417196088789,0.07559870600707247,0.03877099985075495,0.027170911141074817,0.02272028857050832,0.010566633471000581,0.024935739439331157,0.02236157181613845,0.006276420893205341,0.030173259971807864,0.01234333678110715,0.0029594102036727666,0.031917987082989645,0.013384429390403805,0.024543036131834627,0.19720248534712975,0.31393232133036436,0.02840920401525567,0.022171820370788485
47,0.23796175714922851,0.0027350452044946913,0.09965072378435244,0.0037033204733967233,0.005494678585233897,0.10802429389836424,0.055264029201815314,0.014931509251697256,0.012819901863268396,0.02645805084001664,0.10852995615476735,0.003801828689457747,0.0005891528201829129,0.014936490939404265,0.048748583743192006,0.11165181595508258,0.08213053304082195,0.037597785911973304,0.0063117094328555305,0.018658833060394273
48,0.09955215437891278,0.01755065949845016,0.01902354091241533,0.0188188794961272,0.021842097561367298,0.007261408667058077,0.008268582903493133,0.06729591896868153,0.01719798830244493,0.019374688943795893,0.07116937552789629,0.01949911856353015,0.010329889929472973,0.02139945131701021,0.011289980733455536,0.060905726504434966,0.3975075177960819,0.060370290673012715,0.0338356302148765,0.017507099107482466
49,0.009149309636938772,0.015207864391636058,0.06236679373932218,0.005109061991031819,0.0036968257331390663,0.004405393455530945,0.012689315489952724,0.10017205050531128,0.03333638190106148,0.004894267632494041,0.10380187041848143,0.005857822898940143,0.0003919642854564526,0.01598026929137552,0.12331443973285097,0.09758012900835197,0.060502371634206284,0.3042168595582557,0.0042505154880946045,0.033076493207568496
50,0.2132432008944775,0.020462038198656766,0.020788550804780447,0.01506390864253555,0.048768513150593454,0.009195700123580178,0.00824447202132655,0.017487668235677788,0.010895464893922966,0.011083441390383864,0.02824064124770024,0.013164961323135804,0.0022844988361714965,0.010232296861078204,0.004582971510576064,0.00420690195326873,0.009958568242783069,0.5137010261146878,0.02541527116461257,0.012979904390050857
51,0.023915759620274743,0.038872128179220075,0.021664088361309924,0.025868063984641827,0.016547408429848164,0.03966287591352794,0.04332428208135669,0.02544989243213272,0.01571503594778123,0.011712564432927388,0.026498647522236074,0.02365305318976853,0.0037637904414005675,0.013677635296974782,0.010356666841612691,0.4991968110441536,0.09056114225078149,0.014525083517071833,0.03313809713088732,0.021896973382092448
52,0.0069895817681617164,0.009080954378727326,0.0352075086930263,0.020579390036370583,0.010217927605378272,0.1135965824028566,0.16334898480451937,0.009292290213487058,0.007774981410527579,0.0030956045304048286,0.01885450581275202,0.3877771030321127,0.002682121752936982,0.08627996734902502,0.005678424568501312,0.030236647547027495,0.004101290336834542,0.006775104385219145,0.03311806082255649,0.0453129685495746
53,0.007664798037802148,0.03685579237095198,0.025831809974379633,0.010037003367492511,0.01596645207814017,0.0033639741794148368,0.013850603170745157,0.020758212936174046,0.011874568116464241,0.2932536599903165,0.4592745886595394,0.012079400257841969,0.002970017662839816,0.007507131764906719,0.008978269761834573,0.004259661094529213,0.017617098488099846,0.024132763227515702,0.011221868245631915,0.01250232661537958
54,0.7060403229143281,0.016762733498069362,0.012686052121368724,0.013736064909083698,0.012538748467463686,0.00818902569701491,0.01778546827345784,0.015990087619000566,0.018958154661802045,0.005026297686601626,0.03297934089142765,0.01771278135729601,0.007078130557434155,0.024429144803105422,0.005810404856020067,0.008414514684481816,0.02199217610217259,0.024494589174110983,0.01800841559717071,0.011367546128590016
55,0.04351503329847021,0.09319371644121292,0.03952405429491592,0.16384479758857115,0.005866797012687261,0.007348767217561852,0.011279604104496691,0.007978582177210522,0.04114410015833103,0.03626219599990933,0.01365213045876948,0.020605955093606992,0.011126475303190123,0.21092190158146482,0.004970114190146249,0.023575649606097655,0.1767915589756281,0.06058077596057302,0.00809768750172555,0.019720103035431084
56,0.03409704394914486,0.014177108315636084,0.00770156893047611,0.03269526730427994,0.00993593732081843,0.009437216422689229,0.010357088560333303,0.26900711250013176,0.012779999334541353,0.007982935638502536,0.03216045009710474,0.01323904704591447,0.004373703103167143,0.009059708616266487,0.008107490688885666,0.004390332819844051,0.006669919895849405,0.4768320185628814,0.025860848827328912,0.01113520206620422
57,0.029982242490050725,0.013778627165673967,0.016481713033379905,0.01859565483626295,0.01734263218599503,0.048400493903526805,0.010598952026772213,0.05516395814505305,0.040469700456850874,0.006376174767641926,0.03268957963976057,0.011922001005737112,0.005343029489835637,0.01916642123874228,0.6016428835597523,0.0055553123897360114,0.008529179924811274,0.01156603165987194,0.024597157922801975,0.02179825415774348
58,0.10636383609568703,0.007347540905794103,0.030871676616935313,0.02057124408178381,0.020060312443539806,0.04291711553523399,0.07130528342246432,0.008325639024525952,0.005167930347056042,0.002596128755586636,0.013989465985478672,0.043506668592461294,0.0046662388644542465,0.027692922402371995,0.004723539859395444,0.4803907894359556,0.04933418251829411,0.030857521694697097,0.01385477700951239,0.015457186408772116
59,0.009750844648194278,0.027626652494299925,0.01996754362145351,0.020704844344237673,0.11342328891853257,0.009984053818629107,0.01993181650245829,0.014583725963416541,0.02017311741836876,0.009973105993761692,0.023058350078370038,0.024495714949134124,0.006773240343890682,0.019496412618861193,0.006151002292480633,0.00781368946453289,0.011452282373560614,0.013061060579419867,0.020496048345650043,0.6010832052307475
60,0.010141184409213475,0.5979354322975967,0.02412613293664373,0.01743037429143112,0.028973751646400286,0.009547585833701865,0.023807235784131152,0.022189034985487542,0.022764862618153532,0.008999670427161854,0.03219631598125218,0.02496891301633919,0.008415301055715783,0.01303981900503014,0.048711606279745724,0.008252018286216065,0.012460912347379163,0.008213487519591375,0.03039936519624779,0.047426996082561394
61,0.007282168332561609,0.0462235255167326,0.01534344591838337,0.010260367587224982,0.07640563172510886,0.013676765135970487,0.024580564883429294,0.04863445705530378,0.026923219727964805,0.08130328801965078,0.039811215372645765,0.03150887827886526,0.0028489928343207625,0.020084060241921615,0.0065175761965547,0.0053276427621264276,0.08973811150934459,0.05022416698413168,0.030761720084914727,0.3725442018328439
62,0.03569199110068222,0.036731947138856635,0.146082572991773,0.23919765091282655,0.051722400877806475,0.012462139482382983,0.15734568773087043,0.03292720450162798,0.030943562102122523,0.05029799360237799,0.03717802025043331,0.02198753032476606,0.0021475590251687276,0.02741757247862569,0.003901699311662417,0.03619740535675251,0.01122820070961877,0.026914969936929895,0.01675072648389649,0.022873165680819353
63,0.46521918547818963,0.032554033144754066,0.02238146233417769,0.026021324129438896,0.03510100382383307,0.026698933906256918,0.01593993337158297,0.035015612994160596,0.032738662530678926,0.022002897221740765,0.046133643352194734,0.01722602918070913,0.005029124104946423,0.018764721938495748,0.008059694039207154,0.0566730128125131,0.016716998930198155,0.04792792187551938,0.038230296003303556,0.03156550882809914
64,0.04876009018058457,0.024931043675532494,0.015707791886690102,0.02277611017348806,0.04787092693449169,0.021062943236834466,0.07094693021817125,0.016574615629068288,0.04432538751476165,0.0641768057746629,0.018476212939630025,0.1024480504270564,0.007414035384196457,0.03266644468243767,0.12503283444035967,0.17750209953160562,0.03515777014728471,0.025696199645262797,0.012434548315226833,0.08603915926265429
65,0.013975145979777562,0.021054362031271767,0.021522922059336924,0.009832683961031275,0.019773301958256682,0.007224299759748356,0.016040695758323658,0.3519447816645346,0.018856549788257453,0.2274115253864804,0.04363565094632531,0.009413306496158897,0.014270281437892477,0.021886745962312888,0.003406769238693287,0.0036610967771694243,0.016142755218723798,0.14148094328494557,0.020319162209850312,0.018147020080909303
66,0.11216734444609937,0.009858825148038517,0.009853609517473095,0.01666320791905515,0.014263827813574829,0.014360869526561687,0.01190064728120565,0.03838842888138897,0.05464329008301714,0.04877309402615523,0.00801477352396102,0.026495874875749354,0.01577733788422369,0.2626401984464763,0.02561627970295457,0.18233638988436257,0.022862042755757046,0.06159717220596317,0.01908577561225071,0.04470101046573196
67,0.05114188149553846,0.014342647415319354,0.37695928954446345,0.0978789498658861,0.015613186800249746,0.02307612635881274,0.06172314093433105,0.011244202074607069,0.02334927843208919,0.029150370627894717,0.034958725942203214,0.08292076682683917,0.0015606667400219877,0.014458095478679189,0.006778429177764933,0.06782474875037882,0.004021106094818033,0.019719182733755454,0.04038751742553345,0.022891687280813887
68,0.013635465243381151,0.1547274013738086,0.011925287182831548,0.010308639914177988,0.005006767599754626,0.003490695745392834,0.0038762961468765122,0.16271015753439805,0.006309270936408516,0.024529405735230332,0.14027559446060486,0.004047958842480136,0.001346504383693908,0.008807161981138073,0.006853250507004466,0.027327320876290077,0.2564941499552556,0.10959781073920297,0.04255142880661573,0.006179432035454046
69,0.09313701972701764,0.0808988978676547,0.004354540427218315,0.030118141163124494,0.007818280859142063,0.015138906123749008,0.01897178210365767,0.09708865047275807,0.011404504181707461,0.06388095583587655,0.02885021818733351,0.053175334793377146,0.0011586286624098354,0.1328623720354307,0.05781069572217331,0.02059996687652459,0.03817884027512691,0.1987602114872013,0.028763159117634524,0.0170288940808822
70,0.021173301866844275,0.025128868018472396,0.019210086529618,0.01381166666646797,0.016987874902622588,0.011525458808423364,0.01912184713431408,0.021703651932815045,0.01365961927045511,0.018131398114261368,0.014313035096788537,0.024515599113863456,0.016595600934208803,0.01846095839319282,0.005888817286584916,0.575768851429055,0.06042809892023353,0.05613350112031705,0.028456949403141592,0.01898481505832013
71,0.05360626836533573,0.0204671949930488,0.4128818960220916,0.1467876522382992,0.011942287780493211,0.018331592958009,0.025052774974392088,0.02268239569807932,0.02186297573772831,0.038020527087535776,0.03745504370395441,0.05136270237836328,0.005616863892835996,0.030143933024178265,0.005707741123282805,0.02469997025393598,0.013839506120732845,0.014432355860635826,0.028781252677581286,0.016325065109486243
72,0.08614505609091723,0.01892819666889292,0.0188395099971257,0.016332210790622963,0.014330942085016724,0.058690463458979415,0.027569028094445436,0.014863129819137993,0.022043090870638368,0.006452476104050943,0.018089681307906953,0.03663625505891757,0.007385678169486906,0.02108891367675865,0.011778470875975253,0.5557432381672525,0.023250101733935158,0.007831105728738817,0.017932845849855685,0.01606960545134493
73,0.02374388140658917,0.029934989598678706,0.030468095113129014,0.029897943701167697,0.02631153551687631,0.016108428990469808,0.036468945305257586,0.0207456944525416,0.16107527657575157,0.01811360187645328,0.039259819537227895,0.019693227204322587,0.006698773404096961,0.017136765470909737,0.3787399744928118,0.05149550370296683,0.015456080603937317,0.01736539841853529,0.035035078456320354,0.026250986171956425
74,0.016607548467953554,0.5696209473958544,0.02408954421316912,0.028686714996012958,0.04243131380419104,0.01951683348409864,0.010442062922994747,0.023353945492953443,0.0240858233483654,0.008152892398345418,0.03004251412705048,0.02293823381836929,0.00811262260464808,0.01869320670210627,0.019891337090745115,0.021313596114339924,0.012914064237117565,0.012050232033338345,0.04846462004069284,0.03859194670765347
75,0.0073787943246978824,0.02457381303415121,0.030239153341298848,0.024395431430483682,0.019982617692923716,0.010697314550800158,0.012507451370326056,0.008368145682193913,0.014099762833587723,0.038490334571738685,0.033319360830161855,0.019436016860037035,0.6171874350873147,0.015077885302680425,0.0083598159137199,0.03140103496604739,0.01264734868290671,0.019316214196459285,0.026425228565209718,0.026096840763261263
76,0.11243941148393022,0.03168437828958197,0.028711875154662576,0.020960357733630162,0.01614454413718223,0.01552913712342715,0.010906249010232563,0.01558999874223474,0.011654027797995124,0.004888085402346643,0.019987216527802804,0.016874014652829793,0.004902248719893395,0.018434277574094677,0.007608958371992933,0.16492059614327229,0.4306408272929175,0.022181994818346353,0.03326652103328454,0.01267527999034227
77,0.050879376621158136,0.01753753122382496,0.010749892079891766,0.05905244775203692,0.01993466622462161,0.0232494764110125,0.01750456540637683,0.018800876108618626,0.018581319158691302,0.005597723859999236,0.04080705941464218,0.033108329213364554,0.0027633561640304566,0.5890630922402167,0.011767322930832613,0.015785703682828965,0.006472957163609553,0.014029046116903619,0.029313311071788757,0.015001947155550716
78,0.005049398731637121,0.02554851599992638,0.02751779757120008,0.016296808199483696,0.013834620589570957,0.7208284475282453,0.010541740031606349,0.007900265935613455,0.014210719148779988,0.005763109382025474,0.022225862652626237,0.01146202916991489,0.005799795338155103,0.015294612546925861,0.007275562731751723,0.020095627766293624,0.006597091301514974,0.012696098879654519,0.028004607478958644,0.023057289016115708
79,0.03666400871072103,0.03537295695979378,0.20376284841957754,0.3062819681138218,0.028207587369820947,0.02295920020016983,0.023631765936732243,0.0352931938636407,0.017350563899626897,0.014144143311929164,0.04484888126071414,0.026747280758010018,0.030425048605439674,0.024010307841576935,0.017239476433802824,0.017470908053767283,0.022421015507324317,0.029356390553577128,0.041909368304470104,0.021903085895483686
80,0.2986904834988037,0.017525292891054624,0.02293629659442055,0.025437788069055417,0.037663387791638345,0.15928829432913819,0.022584154062163048,0.041515464097334184,0.04037322526770497,0.01701980808017083,0.039677970349605685,0.03288311530153531,0.05142499770227101,0.025416541389700776,0.013816356645257285,0.016401482035413466,0.03528932711810519,0.028682271933647824,0.03725126694537541,0.036122475897604166
81,0.027171981612709367,0.018533963757658062,0.04611749927269127,0.0380219189817787,0.08821939116251427,0.03861149439722622,0.08995095215932677,0.04499846901051344,0.018969958076070968,0.11653929036252235,0.03413860505301691,0.031128854853762766,0.00820262286405575,0.014707721623441292,0.014300812907366945,0.022757181758001503,0.09932180363651344,0.025322794728339447,0.01346018535328675,0.2095244984292038
82,0.006691732451897586,0.02726883343732328,0.02696975234221839,0.019104384420454007,0.028903227867905456,0.010067389492977117,0.05141665993354074,0.296489790081989,0.01579089840153064,0.3950090262101778,0.02702425644095411,0.010600538713324652,0.008279383017164483,0.009761141463726395,0.004058372966759648,0.014201152579884144,0.00884694233824209,0.012416667709185352,0.016688023078889648,0.010411827051855452
83,0.1230885532919623,0.0036873377816051796,0.14295365611656666,0.20830026783940997,0.008840545844421224,0.1276311731589418,0.013958817290311681,0.024684837568775875,0.007378598224370777,0.030237918720221142,0.024872890673342564,0.03187371528001816,0.04479324383342405,0.04868391710203528,0.0030350753962670933,0.027123745395446396,0.03975922223611105,0.033498191693927995,0.018329882967473024,0.037268409585367784
84,0.07040703617343864,0.06043734863764853,0.007709765899585661,0.013704964126160193,0.019162488119990995,0.031656164137761934,0.05139762774050063,0.02602783298630183,0.15383989062494546,0.009288181675805748,0.035899123430785565,0.04259098408609918,0.03610966751338877,0.05326987691624151,0.1116616322764182,0.03732478548077017,0.13436467475657543,0.07821217633621567,0.00943949957533548,0.017496279506030405
85,0.00951669662621496,0.045983821092685714,0.008703111937758287,0.013382571999345469,0.004968663565886446,0.013074316118556037,0.02035278649701384,0.26287050871586654,0.01166524321170272,0.030013273027208416,0.17994933262479587,0.01528481269226153,0.0011734373925448762,0.20296543706908463,0.013381167750806144,0.022894449769341647,0.009074747042598554,0.107863079212101,0.017777496527617214,0.009105047126610115
86,0.31932031812540573,0.007625138244881638,0.021210986203541962,0.02580567074544634,0.004010355966318593,0.048942028401531355,0.007973271199158022,0.06960963875091171,0.006815828709777744,0.04007292281217654,0.01088858069377125,0.006463025168468367,0.036252158336518125,0.11525925239853305,0.12068886749246206,0.09499930879356458,0.029844227027077626,0.013782739174459524,0.008490527645374502,0.01194515411062133
87,0.01159933183761926,0.015212866775566724,0.3500270015055877,0.08349327233316113,0.019783511053788994,0.039370268468647364,0.04633608443523542,0.013896641119841019,0.014068558312808722,0.0057890190273998,0.03652265527122804,0.1013245449186639,0.0024431158777940927,0.025590512263348335,0.009377540802781432,0.15241826568313788,0.008294086889568904,0.008287580947523654,0.026426604366679856,0.029738538109617817
88,0.026029153551739237,0.020862304618984997,0.006591101130551826,0.03879254900578634,0.009459436142805703,0.006775475402274011,0.017709218284402518,0.06638573842899817,0.10197714587717499,0.022929680004840153,0.035515382875621754,0.14754083727737707,0.07526572975782996,0.05345941706241626,0.04280998319305268,0.08902132165469864,0.08353975830789422,0.06397637272759764,0.033988812072353124,0.05737058262360069
89,0.11859114172949548,0.04102603454295371,0.04104099331640634,0.08632027347528208,0.025598634840995737,0.011879643469524068,0.03814827286309546,0.008732985619842464,0.033181299025064795,0.04552436768625348,0.03789928106834159,0.033042257861630675,0.007957765524004354,0.30830230016456317,0.03283031447034087,0.025576761465338334,0.017203841706433586,0.016700239856499578,0.04367104987085925,0.026772541443074928
90,0.02059227012969799,0.044237831196010186,0.03392291961492287,0.023558167298128957,0.02754882630384729,0.018432023688376563,0.037141121190954376,0.02971476836176905,0.023524744078879247,0.02076188164309767,0.045814799313830375,0.04576855960835319,0.010591975831173588,0.01923920531631388,0.02133811425662286,0.023391781673980046,0.016752565074438796,0.02377413356004435,0.04172150459823096,0.4721728072613277
91,0.04756066419205298,0.046960747448415274,0.013474357852744628,0.010920688461831567,0.09438692517113365,0.007111796538629889,0.020565215044719243,0.25528748336931184,0.028003284426049158,0.09460257324268699,0.023282311429115306,0.02372926048735077,0.00954843902711438,0.009444610896224734,0.003929778783096246,0.011544093343142998,0.03540861103857,0.2276340301970324,0.02398856948762377,0.012616559563154172
92,0.012565234949353382,0.5111744154599073,0.025484546429634596,0.031937636437426004,0.054212584109387583,0.01409492320537602,0.0200543506498141,0.023397833197053,0.03068776859636737,0.009105565525489818,0.03897642300401362,0.021477287876016486,0.007320881079257488,0.032856102537651234,0.0337472884915083,0.020822835196973467,0.010539731537287645,0.01775467151707115,0.04076293837155329,0.04302698182885813
93,0.038791494521109,0.03001006772032745,0.024290812358858698,0.03368098957934869,0.027033667355079966,0.06241022223046009,0.02707538533173559,0.01592429066475355,0.4272435231000638,0.006704608703764149,0.0305430475326015,0.02319366690212704,0.0026584611169418087,0.10111244337011563,0.024013508985761205,0.02897948839415097,0.026352131406131636,0.009677491111887468,0.03850193525675656,0.02180276435802523
94,0.08870148409431998,0.03102265583124298,0.032136309108335225,0.055492498783502,0.02116441214471489,0.04277260101226217,0.028145868628244176,0.028413950163709713,0.05210382653420431,0.01882653081774961,0.018876114722088166,0.02876959160755706,0.004924252005723327,0.01173141083354703,0.26328039329620906,0.1465155024094772,0.02804676277640074,0.032817445362666196,0.033246722953469976,0.0330116669145762
95,0.17369528418780011,0.05436582225430096,0.013883489008203062,0.021436537964561662,0.013910183746006551,0.010849046861518132,0.017639160072151598,0.01803642274163251,0.034134287124047744,0.01592047990470779,0.15974040407335421,0.06429154910387849,0.002095854790148603,0.03820466598356857,0.032553452354863656,0.06727011651597957,0.20677003273622924,0.011787572830481931,0.018674684808082587,0.024740952938482948
96,0.006723021305547897,0.01150277840932221,0.013555821266077822,0.017738604924761897,0.09532485114726988,0.0067426388218044,0.011498703981387812,0.01975458718188313,0.01192293275345086,0.31137295942586085,0.05150527605707515,0.013504150468529869,0.007040638221033006,0.009068317096725237,0.00470225998488643,0.011308295982936095,0.00617030437926645,0.06260249094434663,0.03296944832837384,0.29499191931946056
