site,A,C,D,E,F,G,H,I,K,L,M,N,P,Q,R,S,T,V,W,Y
1,0.004318742050098793,0.01727496820039517,0.13819974560316134,0.06909987280158068,0.007793428601307131,0.012017369182883597,0.0039485641600903254,0.27756254398529784,0.00614221091569606,0.019752271033896686,0.118687415332899,0.010063438193696655,0.0020028948638139326,0.0032904701334086042,0.004387293511211473,0.0022029882719779,0.07073544839454858,0.15675472585201036,0.06909987280158068,0.006665736110445114
2,0.008110354928353549,0.005910936642698347,0.06974905238384052,0.01660691723424774,0.03874947354657805,0.04294340023107635,0.026826558609169427,0.0317041147199275,0.024502704153184143,0.013949810476768104,0.10529482237710505,0.010568038239975834,0.003963014339990937,0.009425547619437907,0.34992497692705016,0.024968729151731647,0.004305497060730896,0.01660691723424774,0.15713966057730813,0.03874947354657805
3,0.0041282343028031035,0.3402161919764718,0.0677030425659709,0.013019815878071325,0.0031921257928946385,0.005641920213830909,0.028209601069154547,0.030774110257259502,0.007522560285107879,0.008256468605606207,0.005836469186721629,0.03385152128298545,0.0017539648333153085,0.0677030425659709,0.0037524036289452805,0.004906017577244268,0.01410480053457727,0.007872446809996617,0.01304004980321799,0.33851521282985453
4,0.01407120974479303,0.025015483990743166,0.05628483897917212,0.037523225986114746,0.014558175085143388,0.006432553026191099,0.0062538709976857915,0.2257623614323413,0.015009290394445898,0.0055741213586439796,0.06497891792772484,0.018580404528813266,0.00300185807888918,0.006084847457207798,0.002251393559166885,0.006822404724748135,0.002530449148380386,0.24365802348886212,0.2251393559166885,0.020467214174244408
5,0.006225510542237351,0.021892965651651407,0.017027862173506648,0.07520301750674885,0.05108358652051995,0.6174354726500623,0.013931887232869075,0.005951485808215916,0.03226331780243365,0.003879766064849616,0.009430815973019067,0.013622289738805318,0.0022050469001663286,0.01425588461037766,0.002500045307271022,0.008884102003568687,0.004227607160318892,0.021113448391873804,0.06811144869402659,0.010754439267477883
6,0.023274782326881734,0.00780574417180115,0.009493803429978208,0.028821209249727323,0.006670059543779553,0.0032580497412735237,0.009859887374906715,0.3108491885239849,0.011708616257701726,0.0101400514419773,0.01873378601232276,0.0156114883436023,0.0020586578035519517,0.023417232515403452,0.0028171106785447753,0.002270761940887607,0.0032299631055728887,0.3769425764361,0.12489190674881837,0.008145124353183807
7,0.2941762565027229,0.007023476587935928,0.05794368185047142,0.046354945480377135,0.014485920462617851,0.013722970559183242,0.00379958569511288,0.006900426166128238,0.006264181821672584,0.06573452089242164,0.010077162060951548,0.014452181786095742,0.05618571680489092,0.07679705559751406,0.0026471700774401835,0.23311204763944543,0.0022186680916309286,0.005327343565571201,0.07725824246729521,0.005518445890521086
8,0.010008045194769334,0.006797917490786717,0.013857293346603693,0.0720579254023392,0.025734973357978287,0.005377457119577552,0.005146994671595658,0.0031059450604456547,0.009918788366913928,0.0030276439244680334,0.04003218077907734,0.36218638673360404,0.002573497335797829,0.030024135584307998,0.003132953278362574,0.0026491884339095296,0.004740652986996,0.004679086065086961,0.360289627011696,0.034659307855683615
9,0.06078864252519718,0.019341840803471833,0.10638012441909508,0.02239581566717791,0.019341840803471833,0.06013625909354495,0.014184016589212674,0.010454870467518265,0.015197160631299295,0.004052576168346479,0.06078864252519718,0.023640027648687795,0.004342045894656942,0.08510409953527606,0.4270398387954176,0.00206702832166923,0.01150055399125352,0.008510409953527606,0.028368033178425355,0.01636617298755309
10,0.0064163848676734355,0.013426879445316633,0.7328215772117229,0.016021169721766034,0.00677618214997288,0.004144803610315528,0.015761988914067347,0.013426879445316633,0.005577319154208446,0.004341625688904779,0.06591377182246348,0.049896000098648974,0.0032081924338367178,0.00863156535770355,0.002483053048106501,0.0028102770932058063,0.0029837509878481404,0.010804517243927649,0.014216695883276434,0.020337365821717888
11,0.008511232133189254,0.02678574846368861,0.019025107121246564,0.06468536421223832,0.32492641445849835,0.003850319298347519,0.023101915790085113,0.009721412412169438,0.005390447017686527,0.0051684089292600155,0.10780894035373052,0.008741265434086262,0.0031098732794345345,0.011978771150414501,0.00521656163001922,0.010504673095124503,0.0031400662238950635,0.010027671700217903,0.3234268210611915,0.024878986235476273
12,0.041810847777237495,0.04673185480536905,0.010904099454586109,0.027161860375601903,0.020445186477348956,0.007978609357014228,0.017216999138820178,0.29259796102514335,0.008178074590939582,0.0007484950267626062,0.11504109966664096,0.009086749545488423,0.003989304678507114,0.023365927402684526,0.0035174514369632616,0.003675539141995319,0.003989304678507114,0.32889271052401564,0.020445186477348956,0.014222738419025362
13,0.006054932992100198,0.029173768052846414,0.002711938353406086,0.3226210718800045,0.008673282394089474,0.010426675964982595,0.00764074877574549,0.0038664029949555486,0.0022296272698191333,0.004062170235206463,0.32091144858131054,0.017828413810072805,0.0023948615565769446,0.054111708467311066,0.002244136004065109,0.005439177094598484,0.006054932992100198,0.019727667932599023,0.16045572429065524,0.013371310357554607
14,0.002476788387160568,0.011056647590653116,0.0018525249289729037,0.013908615687326572,0.03940774444742528,0.2373302082714356,0.005629677778203611,0.023644646668455168,0.2364464666845517,0.004461254088387768,0.2364464666845517,0.01477790416778448,0.0028487526106572496,0.11822323334227583,0.0024259641981763717,0.003061636463948504,0.010280281160197899,0.005696238689416439,0.013135914815808426,0.016889033334610833
15,0.015804802669374857,0.082975214014218,0.011444857105409378,0.011853602002031142,0.1064837603351221,0.0082975214014218,0.015804802669374857,0.11924971389339716,0.012541376079172219,0.01685080237736092,0.33343529686911555,0.027658404671406,0.0024226339858165846,0.0069146011678515,0.001611169204159573,0.003607618000618174,0.0038912338453285676,0.06480020808019195,0.061608461336749236,0.09274392029188053
16,0.008147508595022484,0.018077284695206135,0.02515100479333027,0.012307938515885027,0.006886584645792813,0.005030200958666055,0.028923655512329813,0.005784731102465962,0.024103046260274846,0.0031662486548989033,0.07230913878082454,0.06427479002739958,0.0015666816430472109,0.013773169291585625,0.0039621445907301114,0.5825036544847513,0.09376185204917128,0.005784731102465962,0.010712465004566596,0.013773169291585625
17,0.003282786214700308,0.007493810595367724,0.0573011500627924,0.011628852862243464,0.009801461698176635,0.6921245599145991,0.012474587615861173,0.00902766209042585,0.011247578997907617,0.0039659093576437255,0.049007308490883174,0.013452986644556167,0.004900730849088318,0.045740154591490965,0.003244561942880259,0.0027647566483724934,0.007298960839067707,0.005296034765648207,0.011829350325385594,0.03811679549290913
18,0.4830137223535716,0.023368561076716123,0.014224341524957638,0.0038040946854062656,0.0064148991190985435,0.32860729280889583,0.013086394202961028,0.005363276312688945,0.013086394202961028,0.005545082289390265,0.007789520358905374,0.014870902503364803,0.004607885282732756,0.015579040717810747,0.0013709141199062978,0.003894760179452687,0.005452664251233761,0.021337388627521884,0.016465833713016118,0.012117031669408359
19,0.037968892441345416,0.020878406465606403,0.04958621535581523,0.03606270207695652,0.011667344789603582,0.008440206869074929,0.014167490101661491,0.13514425050940027,0.06611495380775362,0.003966897228465218,0.06611495380775362,0.015836551651449888,0.0019256782662452512,0.03051459406511706,0.007346105978639291,0.004897403985759527,0.39832155162659205,0.006198276919476902,0.07933794456930433,0.005509579483979468
20,0.008468816514620989,0.01579090313172586,0.017853180760552357,0.015362039259079934,0.018873362518298208,0.003686172955258324,0.05081289908772594,0.0227781961427737,0.03476672042844406,0.006921710087715461,0.02540644954386297,0.0244654699311273,0.0037746725036596407,0.04403784587602915,0.011692929311636029,0.004348279907853994,0.006060254019637038,0.005504730734503644,0.6653407356229329,0.014054631662562492
21,0.0035435626593670793,0.015578321976452607,0.00734826508323236,0.00846647933502859,0.018234178785363153,0.0030909369000898025,0.005262946613666421,0.044481256602250815,0.03540527721921047,0.2418863667325982,0.12981934980377172,0.027818432100808227,0.001976944413255407,0.006181873800179605,0.004233239667514295,0.008286341476836491,0.012563162884235974,0.3914888193135079,0.029958311493178087,0.004375933139452979
22,0.013361574566218013,0.05344629826487205,0.6449015654632835,0.02420952253786912,0.023753910339943136,0.004204255920681425,0.010514025888171552,0.0062877997958673,0.014252346203965878,0.0125755995917346,0.058305052652587695,0.0040141281623988995,0.016033889479461615,0.04008472369865405,0.008907716377478675,0.011661010530517539,0.014915246027406154,0.003298095100803522,0.026723149132436026,0.008550090265649063
23,0.00693276358655995,0.007462414797733557,0.021520278236309295,0.015724374038081423,0.01197925332946048,0.007553648953197131,0.04892027478514221,0.08748610938055323,0.031448748076162845,0.008480357137879627,0.0733804121777133,0.05503530913328498,0.007724253913443507,0.11007061826656998,0.003669020608885665,0.005717954195665972,0.008307216472948676,0.44195609059058044,0.031448748076162845,0.01518215424366482
24,0.005787716528079132,0.1634008454737743,0.008170042273688715,0.020425105684221786,0.013550437087824796,0.004357355879300647,0.06536033818950972,0.003983388449441416,0.10893389698251618,0.009903081543865107,0.04085021136844357,0.0032680169094754857,0.0172000889972394,0.06536033818950972,0.010541990030566082,0.009611814439633782,0.021786779396503236,0.3276524803424339,0.08170042273688714,0.01815564949708603
25,0.01001200885429859,0.016269514388235207,0.009296865364705836,0.011569432453856148,0.01914157838160514,0.007131841923609955,0.10412489208470535,0.04732949640213879,0.03253902877647041,0.5231104429857291,0.013753282059927447,0.07437492291764668,0.0027401287390711932,0.01859373072941167,0.003274367675619665,0.0031435194977558344,0.01679433743301699,0.020877382200645462,0.01859373072941167,0.04732949640213879
26,0.006292039803211373,0.03481595357776961,0.006217134567458856,0.5248119490113278,0.027486279140344422,0.008614026682691098,0.013055982591663599,0.029013294648141338,0.03412290017379811,0.0043519941972212,0.087039883944424,0.007679989759802117,0.002429020017053693,0.041901274274837065,0.011605317859256533,0.006217134567458856,0.007460561480950629,0.03610722959150476,0.087039883944424,0.02373815016666109
27,0.02792067623485598,0.003876782890422308,0.006819852710257861,0.019937740579314727,0.034568456290774076,0.004652139468506769,0.13991459605352455,0.18820603980532552,0.01744552300690039,0.02205612920914603,0.1395641840552031,0.004130781009031001,0.026442294007916433,0.009513617799525436,0.004771296231122227,0.07805780452755437,0.10334528078595999,0.06049479850885464,0.06978209202760156,0.038499914798203194
28,0.03928255653769531,0.013491562447006921,0.02386968740624302,0.013005784780589178,0.009850982104163786,0.624634894143247,0.01773176778749481,0.009697060508786225,0.028209630571014475,0.005350102349675158,0.036506580738959904,0.018253290369479952,0.0022485937411678204,0.02386968740624302,0.004535622446132869,0.022168835814266208,0.06175069300291381,0.007240146193042337,0.02386968740624302,0.01443283424563531
29,0.09495914713655142,0.10789588212778574,0.0002255820685659985,0.00014352505794234865,0.0020522712874137864,0.012406152255417087,0.0003508390305257412,0.0014033561221029644,0.0010525170915772234,0.5013517903659118,0.0025260410197853363,0.13408172411103397,0.00015035958451103194,0.0539454166977338,0.00014033561221029646,0.03351311932671492,0.03982279604513559,0.007183205076123565,0.0046909057998029404,0.002105034183154447
30,0.009927832871871158,0.5884638927803689,0.09762368990673305,0.04881184495336653,0.012314747962627704,0.0063348341237152925,0.011953921213069353,0.01394624141524758,0.020919362122871363,0.00395771715838107,0.012733524770443443,0.019524737981346612,0.007057134210125281,0.03904947596269322,0.006144379526120777,0.022605078916246524,0.009927832871871158,0.024405922476683266,0.029393835606878478,0.014903993169338957
31,0.03318568183958783,0.019259167709320808,0.011791327168971926,0.0262625014218011,0.0145355904492609,0.0017943323952783361,0.009629583854660404,0.009187510736348778,0.016507858036560696,0.036121067402793264,0.027513096727601157,0.014444375781990608,0.001863790423482659,0.03611093945497652,0.005300688360363525,0.00560946632310315,0.11684769766687203,0.5820750674880242,0.019923276940676703,0.012036979818325506
32,0.014087130124416354,0.009672093133714843,0.007356239848177486,0.032643314326287594,0.015827061491533376,0.006528662865257519,0.005739483837589029,0.0048739559041432465,0.00916303560036143,0.003529006954193253,0.03481953528137343,0.008796581695731477,0.0029675740296625083,0.007795418346576141,0.0033480322385935997,0.24337388427481155,0.5256247061731326,0.007356239848177486,0.04017638686312319,0.016321657163143797
33,0.010627276594875779,0.0327290106911007,0.04909351603665104,0.010672503486228488,0.023377864779357643,0.004269001394491396,0.04091126336387587,0.07552288465135458,0.024546758018325524,0.10028399442850516,0.030845554383639624,0.027274175575917242,0.008320934921466279,0.017533398584518228,0.0068185438939793105,0.006634258923871762,0.010019084905438989,0.49294934136031215,0.007115002324152324,0.02045563168193794
34,0.011043029791832708,0.03614082477327069,0.04417211916733083,0.014724039722443613,0.09938726812649437,0.004466843511303118,0.13251635750199248,0.02354772011759615,0.014483597877485422,0.046408396038199795,0.39941236540464714,0.020923635395051446,0.013708588707102674,0.004622663633790437,0.014428056588541084,0.0021605927853585736,0.012644840360593358,0.0028100569726991656,0.06625817875099625,0.03614082477327069
35,0.20502538106985105,0.06808029833725245,0.013616059667450489,0.0045718489183544896,0.0029177270715965336,0.0038932210429076276,0.010749520790092493,0.0038536017926746667,0.06808029833725245,0.0025853277849589534,0.029177270715965337,0.025530111876469676,0.00449269661287892,0.018567354091977944,0.0019268008963373333,0.3175613903611211,0.0008902447672544134,0.002225780559037405,0.20424089501175735,0.012014170294809256
36,0.03496715725839582,0.0061506111413336525,0.008610855597867112,0.1532179043094431,0.0061506111413336525,0.0010251018568889422,0.01663642469949017,0.04305427798933557,0.0016733389816167559,0.0013969723072428056,0.008610855597867112,0.013986862903358323,0.010772632933898348,0.04313069856678976,0.004033063002583008,0.06527202688233887,0.5669341763494575,0.007175712998222595,0.0061506111413336525,0.0010501043412033065
37,0.06278806903069095,0.005091761344618297,0.03054892318141431,0.010743460367744725,0.002777324369791798,0.24336424561538422,0.5647224473671626,0.0033945075630788645,0.003818821008463723,0.0007273944778026137,0.030550568067709782,0.0008597784102473307,0.0007104783271560415,0.010183522689236594,0.008614850796267205,0.0023500436975161364,0.0006110113613541955,0.0025244984018365432,0.015275284033854891,0.0003430098886693613
38,0.011448894809837951,0.08014226366886566,0.08014226366886566,0.00931955982752539,0.03434668442951385,0.0092471842694845,0.014571320667066486,0.01202133955032985,0.48298845358162773,0.042271425126088565,0.03289138288582888,0.01580239461025235,0.002779500474064705,0.01690026416301094,0.013677734385231179,0.0020035565917216414,0.010293436993551142,0.03205690546754626,0.06010669775164926,0.036988737077938
39,0.004197917206406609,0.036254739509875254,0.02492513341303924,0.036254739509875254,0.044311348289847535,0.030677087277586754,0.012864584987375093,0.03323351121738565,0.04985026682607848,0.01010427479654387,0.1329340448695426,0.011077837072461884,0.4002254837577667,0.006148428735259801,0.003798115567701218,0.004061952305300357,0.003339178168636671,0.044311348289847535,0.011729474547312584,0.09970053365215696
40,0.00959760749627294,0.03106035354783587,0.12424141419134348,0.04141380473044783,0.024848282838268697,0.014335547791308864,0.013804601576815944,0.005507107141060954,0.0028229367243907022,0.008668005641256523,0.09318106064350763,0.009090835184732452,0.002552905771055003,0.012852560088759672,0.012197471251451056,0.10999090262830545,0.3741929860820244,0.012023362663678403,0.09318106064350763,0.004437193363976554
41,0.0006567892799673858,0.005205904321928843,0.003101389808808673,0.007288266050700381,0.01591489000992855,0.0012786431667895406,0.006073555042250318,0.49998200363018935,0.0025572863335790812,0.2596017912798724,0.018220665126750954,0.002429422016900127,0.0012147110084500634,0.002974802469673625,0.0017148861295765605,0.0018930561170650345,0.009110332563375475,0.14637656215575062,0.005830612840560305,0.0085744306478828
42,0.005147557712580751,0.020712075086616363,0.35365148633447224,0.0119705187994936,0.005255302633917584,0.004547615818749733,0.00393843225414742,0.014084211058899126,0.08802631911811953,0.0038692887524448146,0.35210527647247813,0.06268046055896281,0.002934210637270651,0.011003289889764942,0.009780702124235504,0.005868421274541302,0.01214156125767166,0.01066985686280237,0.013542510633556852,0.008070902719274657
43,0.004737178228055874,0.009292157293494214,0.24159608963084953,0.04831921792616991,0.026844009958983287,0.009292157293494214,0.24159608963084953,0.2422354558227571,0.011331931633917854,0.023672413792611226,0.009588542171222503,0.007793422246156437,0.0026844009958983286,0.024159608963084958,0.004737178228055874,0.006039902240771239,0.008173209984373968,0.002408255949613619,0.06039902240771238,0.015099755601928095
44,0.017224626699059067,0.012291350404954134,0.007563914514131856,0.3456400286364519,0.006145675202477067,0.005921754284628291,0.007481691550841646,0.004714490566283778,0.007685630450351596,0.008394092959480872,0.3441578113387157,0.009833080323963307,0.005377465802167433,0.019119878407706434,0.0064935436101644485,0.004469581965437867,0.005833183243029081,0.005662410151039427,0.17207890566935785,0.0039108842197581335
45,0.01370113241172585,0.025689623271985967,0.20551698617588773,0.00822067944703551,0.009823022858143531,0.011417610343104874,0.04110339723517755,0.04055082573946444,0.007086792626754749,0.20606138944771513,0.22254896915091646,0.02055169861758878,0.00225842841951525,0.004110339723517755,0.0015111543101168218,0.003369130920916192,0.006227787459875387,0.06064197254675114,0.04110339723517755,0.06850566205862925
46,0.11253880201240854,0.01174756910973805,0.05908249131694271,0.014951451594212064,0.004328051777271914,0.004011365061861774,0.010964397835755512,0.005208090006367765,0.0234951382194761,0.0029902903188424126,0.16446596753633272,0.01265122827202559,0.0015228330327438212,0.054821989178777564,0.01637937072147726,0.013705497294694391,0.22640647411066597,0.16479051153754506,0.04111649188408318,0.054821989178777564
47,0.16985212677573122,0.0009029441810661993,0.26889742518720244,0.0009029441810661993,0.004153543232904517,0.08073433589155714,0.06417077536670865,0.0020767716164522584,0.003876178130022145,0.0010723725829998101,0.00020326574302175903,0.000561289626068178,0.00019896807359956942,0.021544940076632546,0.055739760555649435,0.2953314093581476,0.02070416499821158,0.0023272766694889496,0.004153543232904517,0.0025959645205653236
48,0.10011152654608056,0.009128602600333355,0.02434294026755562,0.02434294026755562,0.027385807801000063,0.004213201200153856,0.00251823520009196,0.021089827056281863,0.009486442445848241,0.013557745964752626,0.2167336649481174,0.03129806605828579,0.001424138627032042,0.021908646240800057,0.006747927115922988,0.03163474058442281,0.21969815308093635,0.005765433221263172,0.2190864624080005,0.009525498365565242
49,0.0013025042261716937,0.007393309377894552,0.18789204942223434,0.0032859152790642456,0.001971549167438548,0.0009539754035992972,0.022127782679891232,0.003843246465454793,0.024598754029914894,0.0002310409180592048,0.014596353090081537,0.0032027053878789942,9.496438660655963e-05,0.0170810954020213,0.08733398778130247,0.016101354986695363,0.029556026221894766,0.5679464221172082,0.0006292178193952811,0.009857745837192738
50,0.007243691802330091,0.030400181082316083,0.04319716727932225,0.036375612620531066,0.016275156562121976,0.008159499602477081,0.009430714383100646,0.014808763782102203,0.013763745315876619,0.0025462928834371745,0.10185171533748699,0.021219107361976457,0.0022533565340151986,0.00998546228798892,0.005196516088647295,0.0051440260271458085,0.011574058561078066,0.5120411809542108,0.12731464417185875,0.021219107361976457
51,0.011453617645685274,0.015041717278997365,0.030657008917989906,0.06744541961957778,0.010538346815559032,0.01350548608004491,0.010538346815559032,0.023162914165086663,0.014662047743386477,0.005715713527082863,0.005814260312032568,0.018469732562806887,0.002107669363111806,0.00432342433458832,0.002710404888849548,0.3384664285169114,0.008225051173119243,0.012489892522144037,0.33722709809788903,0.06744541961957778
52,0.006853737827713322,0.0030543831623505028,0.0058954806818953135,0.04865880713334529,0.01170846878901026,0.027717042037981494,0.21626136503709018,0.0022480260074899698,0.00489479500162884,0.0021615634687403556,0.014789644786118224,0.28272502522458004,0.0022480260074899698,0.004257625014185549,0.004762766965021124,0.007015089565616793,0.002287702270814348,0.005203763906226782,0.2810032509362463,0.06625343617645532
53,0.009127363386252637,0.054588970756989964,0.34683980867760017,0.008066042062269773,0.012387136024200008,0.0019376525624446943,0.02167748804235001,0.011807211222985784,0.006841300148832972,0.11634447619660042,0.3487215684055196,0.012387136024200008,0.0015765445848981827,0.004229753764360978,0.004994612817610067,0.0029899983506689676,0.00571419428511299,0.004535687822991805,0.012387136024200008,0.01284591883991112
54,0.5547470706418144,0.030635576901574545,0.00498605812524877,0.016218834830245346,0.016710314673586114,0.004633952808641526,0.03938859887345299,0.036762692281889456,0.02902317811728115,0.003938859887345298,0.13786009605708546,0.030635576901574545,0.002757201921141709,0.050130944020758336,0.006564766478908831,0.003741917545475111,0.004567513747332113,0.0049734371109822284,0.012532736005189588,0.009190673070472362
55,0.029800488386221395,0.04073614447036667,0.06838227404112592,0.22041177983817542,0.0070789350218692995,0.002221636638494079,0.008386853273310785,0.007311615674168377,0.006814072903755305,0.058492925393347016,0.010449856460854681,0.06912800273759193,0.014868313437973683,0.23555753613974476,0.0022859061008119615,0.0023099682702941928,0.10111808911083928,0.0680962415027025,0.009974862985361285,0.03657449761299139
56,0.003328420317695983,0.019324561717007357,0.002324759304301637,0.02576608228934314,0.0067215866841764714,0.00826376370094766,0.0077298246868029415,0.1988807179525867,0.0061838597494423535,0.0018533301733341665,0.3091929874721177,0.0067215866841764714,0.0030018736647778412,0.004907825197970121,0.0077298246868029415,0.003725216716531538,0.002061286583147451,0.3107816140659102,0.06183859749442353,0.009662280858503678
57,0.015642895281277186,0.016294682584663735,0.024442023876995605,0.027933741573709262,0.018622494382472838,0.0799029297115261,0.00798106902105979,0.10274414888600468,0.03801079834601307,0.00495028331685987,0.09776809550798242,0.008888008682543856,0.0023845876953166446,0.04345248689243664,0.39274215734430307,0.00239921706768055,0.0032589365169327475,0.011850678243391808,0.03555203473017543,0.06517873033865494
58,0.13100487794229346,0.007652957895911549,0.012754929826519247,0.011957746712361796,0.011796838965267882,0.0060418088651933285,0.07296710438096403,0.00755226108149166,0.003587324013708538,0.0021907322221120843,0.026089629190607557,0.006832998121349598,0.0015222107143686872,0.01103792004218012,0.0027462767569060584,0.5799310950818723,0.045218181531679245,0.029540315614438716,0.022958873687734648,0.006615917353039384
59,0.007052643812842385,0.0169453507451027,0.03478766373936617,0.04466674414800178,0.10720018595520424,0.014105287625684769,0.002923989669329607,0.024363678626182782,0.048727357252365565,0.013743613584000544,0.015764733228706508,0.011166686037000443,0.005254911076235502,0.048727357252365565,0.00482883720518938,0.007052643812842385,0.01624245241745519,0.016750029055500663,0.021440037191040852,0.5382557975655831
60,0.011299507656527642,0.3287013520448839,0.05461428700655027,0.019275630708194214,0.01936000849593488,0.004096071525491271,0.08192143050982541,0.04681224600561451,0.03640952467103352,0.007447402773620492,0.10922857401310054,0.06553714440786033,0.006972036639134077,0.009362449201122905,0.07631718009357542,0.0016549783941378871,0.008402198001007735,0.0046812246005614525,0.07130281065598577,0.03660394259583772
61,0.0037117136252078128,0.06048509894844727,0.009993075144790265,0.0018043052344760204,0.09173441934335912,0.01082583140685612,0.002800650129875908,0.1238414661135348,0.12990997688227346,0.0652333648663887,0.12990997688227346,0.025440127021162138,0.001493218125083603,0.032477494220568365,0.0034186836021650904,0.0020620631251154512,0.023081563576716164,0.021651662813712242,0.12990997688227346,0.13021533205572056
62,0.006122298515694541,0.004897838812555634,0.13496800810432488,0.0735591491747525,0.07346758218833449,0.0010977161604990306,0.206928911828495,0.07346758218833449,0.007778999107749483,0.2334225056609842,0.07346758218833449,0.024489194062778167,0.0011479309716927264,0.016380031213571296,0.0010347546787089364,0.00319424270384063,0.008163064687592722,0.036733791094167245,0.010495368884047786,0.009183447773541811
63,0.08401319235726126,0.08383382048939432,0.01047922756117429,0.007184894089021835,0.08383382048939432,0.0013521583949902309,0.003992086689971158,0.08383382048939432,0.04191691024469715,0.08383382048939432,0.08383382048939432,0.00441230634154707,0.0011976260069913474,0.002704316789980462,0.0014707687805156897,0.007419445304811773,0.0010072603669948911,0.24601306364628267,0.08383382048939432,0.08383382048939432
64,0.048376460430908964,0.04201675456109255,0.020200866251653262,0.0707030318807864,0.04713535458719094,0.009427070917438187,0.00707030318807864,0.02828121275231456,0.07803111561345759,0.03545046970685859,0.02828121275231456,0.014140606376157282,0.0016225415988107982,0.02908852238844869,0.005402154157854756,0.1417208813136882,0.03841362099616041,0.05042010547331105,0.010100433125826631,0.29411728192764786
65,0.02813631132608616,0.07737485614673692,0.1031664748623159,0.014068155663043076,0.05158323743115795,0.008597206238526325,0.030949942458694774,0.3105476259802033,0.014068155663043076,0.036941592455163194,0.051644587130128934,0.00836484931316075,0.025791618715578973,0.1031664748623159,0.0021795734125841385,0.0015024243911987754,0.004428954285342741,0.014004837316171649,0.06189988491738955,0.05158323743115795
66,0.006563912360667677,0.006658932252226935,0.006658932252226935,0.015755325466109877,0.009988398378340401,0.010003381248323732,0.003501183436913306,0.008939191753821204,0.0013028345710878785,0.05624672268528266,0.0035253170747083767,0.02334122291275537,0.0022576738894901456,0.7352485217517943,0.0009666191979039099,0.06000364217605849,0.022381501567340378,0.008939191753821206,0.005731417217118834,0.01198607805400848
67,0.010370338019405541,0.01754980280207092,0.22915377887487098,0.03286327648701613,0.01754980280207092,0.0036730665678271707,0.08734975665921052,0.01425921477668262,0.11407371821346096,0.0012467073028793547,0.11407371821346096,0.16816110968012624,0.0011294427545887223,0.005432081819688617,0.0038024572737820317,0.05367753079992621,0.0027487642943002637,0.005069943031709376,0.11407371821346096,0.003741771413461628
68,0.0016357502397278947,0.4819606708611956,0.010905001598185964,0.009347144227016541,0.0006058334221214424,0.0055771726618460415,0.0017218423576083098,0.19026583406542122,0.002181000319637193,0.0009215494308326166,0.0655596942140371,0.0019244120467386996,0.0006960639317991039,0.006300139488381642,0.0011281036136054443,0.0017683786375436697,0.05720491224318312,0.09123148651927421,0.06543000958911578,0.003635000532728654
69,0.037010761480302565,0.03218032559545014,0.0010201099148335747,0.051683553229056295,0.0023096422317025705,0.00450524558336302,0.006640384646680189,0.5792458607181026,0.0073908551414482255,0.030647929138523957,0.03695427570724112,0.03486201939507099,0.0005599132682915321,0.03695427570724112,0.0006483206264428267,0.010412795377988976,0.0011610276999145456,0.07654033692869096,0.03695427570724112,0.012318091902413706
70,0.009839196744021953,0.03183269534830631,0.02705779104606037,0.021646232836848293,0.018038527364040248,0.015032106136700205,0.04509631841010061,0.015916347674153154,0.015461594883463067,0.019440585835181986,0.009330272774503575,0.06012842454680082,0.006387160363052044,0.019326993604328834,0.006937895140015479,0.5431336330616394,0.02489423905820782,0.019326993604328834,0.06764447761515091,0.02352851395309597
71,0.00613646426989778,0.04984118000649426,0.1999199757673033,0.051265940366172824,0.007974588801039082,0.001994081483417066,0.011397456763579901,0.028480674289425297,0.039872944005195414,0.009968236001298853,0.19936472002597705,0.10556781322896294,0.0052464400006836075,0.03322745333766284,0.0015454629459378067,0.02566353663145808,0.012460295001623566,0.005388235676377758,0.19936472002597705,0.005319781371515409
72,0.061521964998491094,0.008681114046149765,0.03272112217394911,0.028358305884089233,0.01466808925039098,0.008752459807034112,0.14179152942044618,0.004467861667320279,0.10634364706533461,0.00733404462519549,0.019335208557333568,0.011619020469438622,0.007462712074760324,0.04253745882613384,0.00940748316766469,0.42696597008399023,0.007877307190024786,0.006164849105236789,0.03272112217394911,0.021268729413066925
73,0.0035668672529527478,0.0072746760354373665,0.09987228308267693,0.049936141541338464,0.09987228308267693,0.019974456616535387,0.004091323211850035,0.033290761027558985,0.07695077192711437,0.006491334810768179,0.09987228308267693,0.01815859692412308,0.0019023292015747986,0.012484035385334616,0.20020114285387128,0.005105908194543259,0.009511646007873993,0.011749680362667873,0.19974456616535385,0.03994891323307077
74,0.029019243487775553,0.29089540169181566,0.026381130443432318,0.07254810871943887,0.01131137013680701,0.013818687375131216,0.003975238833941856,0.07254810871943887,0.029019243487775553,0.00707786426531111,0.048365405812959256,0.04145606212539364,0.009068513589929859,0.006174307125058628,0.004971959607869536,0.01076315197608809,0.015273286046197659,0.004267535807025817,0.29651361718303554,0.006551763565574034
75,0.0048634582945117156,0.07684264105328513,0.09605330131660639,0.048026650658303194,0.018295866917448833,0.008174749048221821,0.014230118713571317,0.0022468608495112606,0.007841085821763787,0.013196709321148971,0.06403553421107093,0.021345178070356973,0.385593251457463,0.005588064941209152,0.009494965848730412,0.035664734453083366,0.004404668166884759,0.06403553421107093,0.024013325329151597,0.09605330131660639
76,0.014769749388768549,0.2658554889978339,0.08861849633261128,0.037979355571119124,0.022154624083152823,0.011558934304253646,0.00916743065509772,0.0028223799784056905,0.0045524369853203435,0.0032030781806967933,0.024168680817984893,0.00916743065509772,0.0024168680817984894,0.022154624083152823,0.004506025237251421,0.012972820290999975,0.26675542201639457,0.05317109779956676,0.13292774449891695,0.011077312041576411
77,0.07097809676540691,0.029071811929701735,0.00520232424005189,0.03294805352032863,0.06177760035061619,0.010086138832753666,0.00786569320488008,0.054913422533881054,0.019536864137862087,0.00310830693588006,0.04492916389135724,0.015444400087654048,0.0018653927706675166,0.49702737421584403,0.002217903159830706,0.0133083931435138,0.008101980373851304,0.024711040140246474,0.0823701338008216,0.01453590596485087
78,0.0033734859009066777,0.015371543106619872,0.00926761043375799,0.021927658355893408,0.021171532205690183,0.617260011607617,0.015349360849125382,0.005960916834611799,0.018058071587206334,0.007871467102115582,0.027907928816591605,0.014278475208488729,0.007871467102115582,0.023614401306346743,0.003590493765877283,0.01064708186956567,0.007871467102115582,0.010462096884668736,0.10232907232750255,0.05581585763318321
79,0.38579117189933054,0.09236750419579644,0.00869888837593451,0.0924912151939538,0.02309187604894911,0.005664654749572619,0.011545938024474555,0.09236750419579644,0.0019295207423553342,0.011545938024474555,0.09236750419579644,0.013195357742256632,0.009236750419579644,0.014022548325321123,0.011545938024474555,0.004198522917990748,0.004398452580752211,0.014699709308234941,0.09236750419579644,0.01847350083915929
80,0.10136674792773528,0.004403580349102035,0.10128234802934678,0.05064117401467339,0.10128234802934678,0.003165073375917087,0.016880391338224467,0.10128234802934678,0.10128234802934678,0.016880391338224467,0.033760782676448935,0.10128234802934678,0.006716229105040447,0.025320587007336696,0.005626797112741489,0.01378479691447416,0.006581384448286268,0.005895628186367955,0.10128234802934678,0.10128234802934678
81,0.013861956789222217,0.004447039244375746,0.03148297141795633,0.06468913168303703,0.3347228319337207,0.0017707888912379681,0.12949504521103192,0.08132347983010368,0.0166939694665902,0.011881677247904756,0.08531239931360292,0.005181471208556156,0.00449012627966331,0.006093742808114494,0.00443582617255111,0.0020491846691215658,0.10236521936656406,0.005687493287573529,0.008531239931360292,0.08548440524771188
82,0.00728367326139689,0.039149743780008295,0.15659897512003318,0.044742564320009476,0.007176100984333643,0.014236270465457558,0.008172735223236697,0.17919853425870616,0.008948512864001895,0.31441724298896634,0.15659897512003318,0.0061411362792169865,0.0015545691335618825,0.011185641080002367,0.002930977901905111,0.005051579842581715,0.004818430003693329,0.007118135232728779,0.014236270465457558,0.010439931674668878
83,0.05432206976027029,0.0037222908115728775,0.12722722162663472,0.4220264123703034,0.01581973594918473,0.001308301401224447,0.007217256845134417,0.005752631254248993,0.009549265938464776,0.0012287173552764838,0.12655788759347783,0.04436368686012755,0.021502542882417194,0.04270643933591193,0.001710241724236187,0.02303843880258985,0.026622195949659384,0.01492652248633815,0.04218596253115928,0.008212178521767645
84,0.10588093520168691,0.1770874120917103,0.004301718512349237,0.0007111141386848089,0.014214374214719223,0.0031899212900412524,0.02098541058051453,0.048597792923296794,0.047927298489376324,0.0004310704446001693,0.00763316048626964,0.017795061696238755,0.012019507608034637,0.004235974055476432,0.0018187994492266898,0.035214599949497216,0.35954616930503475,0.13016681572553065,0.0014073182161946703,0.006835545621516972
85,0.004452824622493699,0.044528246224936986,0.0027830153890585616,0.004048022384085181,0.0006957538472646404,0.0012034661141874863,0.002155824276657491,0.8076412030128317,0.0012844622215960287,0.006066774554913697,0.0024737914569409438,0.002120392677377952,0.00035622596979949586,0.04459363851658931,0.0008245971523136479,0.005867049004866981,0.009171123970765752,0.04517627733747575,0.011132061556234247,0.0034252497096105374
86,0.6753608909190066,0.004244999486430034,0.011319998630480091,0.03395999589144027,0.0010954837384335573,0.07872010384557009,0.003395999589144027,0.0007718180884418244,0.001886666438413348,0.012288624086820962,0.006791999178288054,0.0028299996576200224,0.00021296098968738241,0.08856011682626631,0.004217148420298396,0.03389609863883112,0.02178177313529769,0.011808015576835513,0.004244999486430034,0.002612307376264636
87,0.002631082835901717,0.01216875811604544,0.1952945470605942,0.03253617692093427,0.04867503246418176,0.00489469856685605,0.11686369698537322,0.012980008657115138,0.0026671250665305083,0.003894002597134541,0.19470012985672705,0.21617795713777296,0.0011385972506241348,0.04867503246418176,0.007488466532951041,0.030691475975956607,0.00608437905802272,0.001927724057987397,0.04867503246418176,0.011836075930927621
88,0.001146448026071292,0.02056561133891333,0.001285350708682083,0.017785130172212955,0.0029379444769876187,0.004113122267782668,0.023713506896283945,0.0029904511611688004,0.5228828270630611,0.0010824005967849124,0.02056561133891333,0.07534054748386429,0.035570260344425925,0.057801673059692124,0.0571394607660459,0.04995956670355036,0.020528007636679554,0.0462413384477537,0.02056561133891333,0.017785130172212955
89,0.011729065661265716,0.12901972227392286,0.12901972227392286,0.06450986113696143,0.06450986113696143,0.00588099547808652,0.00698609643519566,0.0027451004739132527,0.0035670530135025577,0.01433492647783589,0.12901972227392283,0.06450986113696143,0.0043006574091307625,0.12924481986590514,0.021469777631676984,0.012567606775089,0.018431388896274697,0.016127465284240357,0.12901972227392286,0.04300657409130762
90,0.023808973623025673,0.012028846370636712,0.014880608514391047,0.014880608514391047,0.029761217028782087,0.015872649082017114,0.010255551643032317,0.07936324541008558,0.017006409730732627,0.03401281946146525,0.2380897362302567,0.03968162270504279,0.004578648773658783,0.014880608514391047,0.023808973623025673,0.03401281946146525,0.009157297547317566,0.026454415136695195,0.11904486811512838,0.23842008051445898
91,0.18228559270078137,0.09407642616233029,0.010424502395541704,0.010722681923575372,0.012458739491171267,0.005880180409702625,0.002641820184069295,0.16328437810370874,0.04557139817519534,0.01348889933945177,0.020253954744531264,0.012152372846718757,0.02278569908759767,0.01302039947862724,0.003962730276103943,0.014021968669290872,0.07643709625689339,0.18260266431672076,0.09114279635039067,0.02278569908759767
92,0.011656499116997806,0.1986087792358495,0.039632096997792535,0.09908024249448133,0.02755079913200964,0.003248532540802667,0.01981604849889627,0.09908024249448133,0.049540121247240665,0.005661728142541791,0.1981604849889627,0.0220178316654403,0.005355688783485479,0.09908024249448133,0.018119912134649464,0.0058453087716185854,0.007926419399558507,0.0220178316654403,0.0660534949963209,0.001547695198948935
93,0.004196385705896475,0.008876969762473316,0.04616024276486125,0.005843786869191345,0.03297160197490089,0.010490964264741193,0.020875187521769843,0.0037548743995533683,0.23166018781869754,0.0034969880882470632,0.2308012138243062,0.009616717242679427,0.0016139945022678758,0.02393688169162941,0.030300932129741286,0.06233562940528493,0.004049144102180811,0.0052454821323705955,0.2308012138243062,0.03297160197490089
94,0.0615916579036893,0.0615916579036893,0.0615916579036893,0.0615916579036893,0.0615916579036893,0.0615916579036893,0.0615916579036893,0.024081819321643393,0.06526893253105588,0.015397914475922326,0.030795828951844652,0.0615916579036893,0.012318331580737862,0.030795828951844652,0.06171089670811668,0.020530552634563097,0.0615916579036893,0.0615916579036893,0.0615916579036893,0.0615916579036893
95,0.027041022961971403,0.05979670635849826,0.007385643542642594,0.02584975239924908,0.012924876199624536,0.0068932673064664215,0.014771287085285188,0.0042617091277039046,0.008725221059292685,0.009644630057822295,0.5830178869953578,0.009399909963363299,0.0010444344403737,0.05169950479849816,0.0030896689847923283,0.03252658556999967,0.10360460943334682,0.0028721947110276753,0.014771287085285188,0.020679801919399263
