site,A,C,D,E,F,G,H,I,K,L,M,N,P,Q,R,S,T,V,W,Y
1,0.003810315624250126,0.015241262497000509,0.12193009997600406,0.060965049988002014,0.01933003012289445,0.010602617389217743,0.003483717142171544,0.12561965206565046,0.005419115554489069,0.0019666145157420005,0.02012641035194013,0.008878714064953401,0.0017671028982029569,0.0029030976184762866,0.0038707968246350487,0.0019436401932282955,0.005806195236952574,0.5194895095077374,0.060965049988002014,0.005881008440449987
2,0.011238638870831185,0.00819087239738544,0.0966522942891482,0.023012451021225764,0.053695719049526774,0.09414131347075451,0.037173959341980076,0.04393286104052191,0.010415767959955642,0.01933045885782964,0.0754980982156865,0.014644287013507302,0.005491607630065239,0.01306112084988489,0.19289598008534872,0.060956207157943615,0.005966191005502976,0.023012451021225764,0.15699400167214897,0.053695719049526774
3,0.006150939606763632,0.26062694725847235,0.10087540955092358,0.019399117221331454,0.018110406008530377,0.00840628412924363,0.04203142064621815,0.04585245888678343,0.011208378838991508,0.012301879213527264,0.008696155995769275,0.050437704775461785,0.0026133525790394707,0.10087540955092358,0.0018354939901754882,0.007309812286298807,0.02101571032310907,0.011729698784991112,0.011208378838991508,0.25931504151445445
4,0.02414744710624316,0.04292879485554339,0.09658978842497264,0.0643931922833151,0.02498312293028063,0.011038832962854015,0.010732198713885846,0.18419556105362508,0.02575727691332604,0.003679610987618005,0.11150960096101746,0.036796109876180046,0.005151455382665208,0.010442139289186232,0.003863591536998906,0.011707853142420923,0.041712344349352885,0.07155452139264068,0.18369299841061096,0.03512355942726278
5,0.009837953025820865,0.034596675439802764,0.02690852534206882,0.07687084784559393,0.08072557602620647,0.4418699397826149,0.0220160661889654,0.009404921478781334,0.05098457433234092,0.006131056407053656,0.014903183266376574,0.021526820273655056,0.003484557238541286,0.022528067728243662,0.0039507327356507905,0.014039230613253293,0.006680737326306742,0.028911575469668153,0.1076341013682753,0.016994858110780303
6,0.006588094390584304,0.013029409207625194,0.015847130920945706,0.04810858784353918,0.018945259277569106,0.005438362104052256,0.016458201104368665,0.16765392452782085,0.01954411381143779,0.0037449798920120314,0.03127058209830046,0.026058818415250387,0.0034363277031099412,0.039088227622875595,0.004702343172676762,0.003790373587672784,0.005391479672120771,0.34883733206590445,0.2084705473220031,0.013595905260130638
7,0.2800826013377069,0.012488531574798189,0.10303038549208507,0.08242430839366806,0.02575759637302126,0.024972399614807197,0.006756090851940005,0.012269734080594655,0.011138420053198385,0.007105543827040348,0.017918327911666965,0.010494691175569766,0.0376796838371054,0.0050879202712140765,0.001536276883409663,0.20647908855558736,0.003945041486138555,0.0036470932917552234,0.13737384732278013,0.009812417665912863
8,0.015293544588543586,0.010388068022406964,0.021175677122598813,0.11011352103751382,0.03932625751339778,0.008217426943098047,0.007865251502679558,0.004746272458513527,0.04369584168155312,0.0046266185309879766,0.06117417835417434,0.2653492924408982,0.003932625751339779,0.04588063376563076,0.004787544392935384,0.004048291214614479,0.050710174162012955,0.0071502286387996,0.26399017161892285,0.027528380259378454
9,0.0762976526680742,0.0242765258489327,0.13352089216912985,0.02810966150929049,0.0242765258489327,0.011012525323950216,0.017802785622550648,0.013122222219220832,0.0485355463319253,0.005086510177871612,0.0762976526680742,0.029671309370917744,0.00544983233343387,0.10681671373530388,0.31586564540436673,0.0025943893857544183,0.014434691045311332,0.010681671373530387,0.035605571245101296,0.02054167571832767
10,0.00818905072292573,0.017136346883159393,0.5161760830479525,0.09351364359844991,0.008648249828884182,0.00528989574369887,0.020116581123708854,0.017136346883159393,0.0071181748591585174,0.0055410942017401635,0.08412388469914611,0.07146187215232487,0.004094525361462864,0.011016222996316754,0.003169050450995231,0.003586677254614757,0.0038080770851465313,0.005169624199388868,0.018144367288051123,0.09656023161971547
11,0.01224515404261361,0.004847040141867888,0.02737152080113631,0.09306317072386344,0.2783733438531138,0.005539474447849014,0.03323684668709409,0.007449451157735883,0.00775526422698862,0.008307010150530994,0.1551052845397724,0.012576104151873437,0.004474190900185742,0.017233920504419156,0.007505094413214793,0.004271844667188348,0.004517629646789487,0.003266220064276822,0.27706790767800016,0.03579352720148594
12,0.0074374438937652165,0.08059932059186992,0.01880650813810298,0.025645238370140426,0.03526220275894309,0.013760859613246083,0.029694486533846813,0.28209762207154465,0.014104881103577233,0.001290943637369352,0.012368030228063464,0.015672090115085816,0.006880429806623041,0.04029966029593496,0.006066615528420315,0.006339272406102127,0.006880429806623041,0.33700153433557706,0.03526220275894309,0.02453022800622128
13,0.008583734556997931,0.04135799377462639,0.003844560954010748,0.25965130508654755,0.012295619770834876,0.011402951632580727,0.010831855512402152,0.005481179897842051,0.003160815928126911,0.005758707993935321,0.258273323000697,0.02527432952893835,0.0033950591904544055,0.07671109531931365,0.0031813841365097226,0.007710812398659159,0.008583734556997931,0.008076823853376231,0.22746896576044506,0.018955747146703762
14,0.00555530941491389,0.0314676641829878,0.0024757177159616967,0.01559815607921275,0.04419477555776945,0.1583291526720601,0.006313539365395636,0.026516865334661667,0.15779029784812706,0.005003182138615409,0.15779029784812706,0.016573040834163548,0.0031948030523688757,0.13258432667330833,0.0027206566819023767,0.0034335468385967836,0.01152907188463551,0.18525738592841523,0.014731591852589819,0.01894061809618691
15,0.025906493800702573,0.13600909245368847,0.018759874821198414,0.01942987035052693,0.02014949517832422,0.013600909245368848,0.025906493800702573,0.22285444272097396,0.020557237470412888,0.006112768200165775,0.3239436317320044,0.0453363641512295,0.003971068392808422,0.011334091037807375,0.0026409532515279314,0.005913438802334281,0.03410906806990064,0.007055405502664079,0.03885974070105385,0.017549560316604963
16,0.02463611345146866,0.026277096261402094,0.036559438276733344,0.017890788943933346,0.010010322385296037,0.0073118876553466714,0.042043354018243356,0.00840867080364867,0.03503612834853612,0.004602451202993827,0.10510838504560838,0.09342967559609633,0.0022773245561729934,0.020020644770592073,0.005759363564142925,0.50461504008384,0.012012386862355244,0.00840867080364867,0.015571612599349388,0.020020644770592073
17,0.004452382253354871,0.10547147685461367,0.013499207586720234,0.015771998151714713,0.013293541299302401,0.5502325245822223,0.01691905256274851,0.012244051196725897,0.015254883458215874,0.005378889543070336,0.06646770649651201,0.018246037077473885,0.006646770649651201,0.062036526063411215,0.00440053938014647,0.003749788329479252,0.009899445648416681,0.008294144659047292,0.016043929154330484,0.05169710505284266
18,0.3738449141314733,0.0368311393488564,0.022418954386260417,0.00599562553271813,0.01011050884086254,0.302645262020398,0.020625438035359586,0.00845304837514737,0.020625438035359586,0.008739592387864231,0.012277046449618799,0.023437997767454075,0.007262478181464642,0.024554092899237597,0.0021606948249754685,0.006138523224809399,0.00859393251473316,0.03571573512319677,0.05047195010969263,0.019097627810518134
19,0.006700299962534583,0.03005053466013036,0.07137001981780959,0.05190546895840698,0.016792945839484617,0.012148088479627171,0.02039143423365989,0.018940314111783353,0.09516002642374616,0.0057096015854247685,0.09516002642374616,0.04767037023490361,0.0027716512550605673,0.043920012195575155,0.01057333626930513,0.007048890846203418,0.332643692314898,0.008921252477226199,0.11419203170849537,0.007930002201978845
20,0.01077560948966499,0.11204067699064972,0.02271614973496943,0.019546454423113233,0.02401421543411054,0.010862922741723537,0.06465365693798993,0.028982673799788593,0.04423671264178259,0.006302657288249505,0.03232682846899497,0.031129538525698854,0.004802843086822109,0.05603316934625793,0.0027232044144255086,0.005532693518379769,0.007710986607283202,0.00700414616828224,0.49072193399470965,0.017882926387103596
21,0.005341422300829457,0.023482129261794372,0.011076476066884137,0.012762026772714333,0.027485459850411183,0.004659152631308406,0.007933151777633233,0.02917887679398783,0.0533684755949872,0.13551561296127299,0.1956844105149531,0.04193237368177566,0.0029799656423596917,0.009318305262616811,0.0063810133863571655,0.012490494288188495,0.018937201017576104,0.34971940758106035,0.04515794088806609,0.0065961037252231375
22,0.01635889493749955,0.06543557974999818,0.4576719233490092,0.03104921795553526,0.02908247988888808,0.00514737095960803,0.012872573065573415,0.007698303499999789,0.017449487933332855,0.015396606999999578,0.07138426881817984,0.004914593003160454,0.019630673924999457,0.04907668481249865,0.010905929958333033,0.01427685376363597,0.018261092023255307,0.02645695758522876,0.03271778987499909,0.09421271789626565
23,0.07410894102752687,0.008345916478909287,0.02406814009021258,0.01758603829484457,0.07658553570956912,0.004625341826964731,0.054712119139516444,0.02235871138784896,0.03517207658968914,0.043090172241191216,0.08206817870927466,0.06155113403195598,0.008638755653607859,0.123102268063912,0.004103408935463733,0.0063949230163071165,0.009290737212370717,0.2920459018199166,0.03517207658968914,0.016979623181229236
24,0.019044345692969665,0.1220618427897005,0.012268215635023812,0.030670539087559536,0.04300693835369247,0.006543048338679368,0.09814572508019055,0.006439197597722697,0.1220618427897005,0.014870564406089469,0.061341078175119086,0.0049072862540095255,0.025827822389523816,0.09814572508019055,0.015829955658095245,0.014433194864733897,0.03271524169339683,0.12236289191273791,0.1220618427897005,0.02726270141116403
25,0.012732321398878775,0.020690022273178003,0.01182286987038743,0.014712904727593247,0.050821462151272825,0.009069598804680772,0.13241614254833925,0.06018915570379057,0.041380044546356014,0.3813677883249207,0.017490117120826053,0.09458295896309944,0.0034846353302194536,0.023645739740774867,0.004164029639884882,0.00399762936205206,0.02135744234650633,0.0095313276034067,0.0263546538400422,0.06018915570379057
26,0.008093048671582661,0.044781535982757394,0.04235487096683406,0.37184438725181423,0.03535384419691373,0.005658591209052958,0.01679307599353402,0.03731794665229783,0.03190461061433881,0.005597691997844674,0.1119538399568935,0.009878279996196483,0.003124293208099353,0.05389493116914393,0.01492717866091913,0.007996702854063821,0.009596043424876582,0.04644242179315423,0.1119538399568935,0.030532865442789135
27,0.009415418923228506,0.006800024777887255,0.011962281283758768,0.03497155600056302,0.03497155600056302,0.008160029733464705,0.06327235484575672,0.16320059466929407,0.030600111500492647,0.004694866394995983,0.06318062866004186,0.06377615594099413,0.015917450535279192,0.0054400198223098035,0.008369035231358261,0.0039484014839345355,0.3621013194224963,0.030600111500492647,0.06318062866004186,0.015437454613046835
28,0.24774597809906643,0.015126249878330975,0.053523653415632685,0.014581613599441169,0.011044563403225793,0.28680834317471615,0.019880214125806428,0.010871992100050387,0.031627613381964764,0.005998340468993318,0.0409298526119544,0.020464926305977203,0.002521041646388496,0.026761826707816336,0.020286573966896128,0.03227972912179909,0.004701401989210979,0.11190268965762866,0.026761826707816336,0.0161815696372843
29,0.17901340917825112,0.102588851507803,0.0005012673944500348,0.00031892797282334796,0.003508207701056828,0.015251366969364702,0.0007796017113459617,0.003118406845383847,0.002338805134037885,0.3584017246780814,0.005613132321690926,0.09121340022747752,0.00033411501914826935,0.11426733654870812,0.0003118406845383847,0.08666854789419218,0.011942834727001968,0.015141232986789552,0.004009380229779233,0.004677610268075771
30,0.012498106635623013,0.4210861087483148,0.12289804858362628,0.06144902429181314,0.101714127578789,0.007974895772218504,0.015048740642893016,0.01755686408337518,0.026335296125062774,0.004982353320957822,0.01603018025003821,0.024579609716725254,0.008884196283153708,0.04915921943345051,0.0077351332882301645,0.012467907955752679,0.012498106635623013,0.03072451214590657,0.03700377480019967,0.009373793708246578
31,0.0861626304425252,0.02370399590653221,0.014512650555019723,0.03232363078163483,0.11700819311661535,0.022262593893506617,0.011851997953266103,0.007210599551681976,0.02031771077702761,0.0046176615402335475,0.03386285129504602,0.01777799692989916,0.0022939350877289226,0.04444499232474789,0.006524035570605194,0.00690407647763074,0.08296398567286271,0.4259200896061307,0.024521375075722978,0.01481499744158263
32,0.009048171791351403,0.015512891844530481,0.011798537459220361,0.05235600997529036,0.02538473210923169,0.010471201995058072,0.009205452303347754,0.007817248009371173,0.014696423852713083,0.005660109186517877,0.05584641064030972,0.014108675191700453,0.004759637270480942,0.01250292775529322,0.005369847176952858,0.17519280500428405,0.46785420986404663,0.011798537459220361,0.06443816612343428,0.02617800498764518
33,0.006419135648116244,0.04642503986347897,0.06963755979521843,0.015138599955482272,0.033160742759627826,0.012110879964385817,0.05803129982934871,0.0224637289661995,0.03481877989760922,0.06826855351016291,0.07233522026825479,0.03868753321956579,0.011802976236477703,0.024870557069720876,0.009671883304891452,0.009410481053407898,0.014211746896983358,0.4134272318760726,0.010092399970321514,0.029015649914674355
34,0.009462293126980801,0.03096750477920989,0.037849172507923204,0.012616390835974399,0.0851606381428272,0.0038274444109135815,0.11354751752376958,0.015619865741300315,0.004603277737450119,0.015403623994084209,0.20297288363649107,0.017928555398489934,0.01174629491625203,0.00396095991361987,0.006427217973043562,0.0018513182204962437,0.33590596169444253,0.0024078159056367954,0.056773758761884806,0.03096750477920989
35,0.12478965647673916,0.0724571440094852,0.01449142880189704,0.004865770620243572,0.0031053061718350804,0.004143514124590139,0.01144060168570819,0.004101347774121803,0.0724571440094852,0.0027515371142842484,0.031053061718350795,0.027171429003556947,0.004781529655726708,0.019761039275314148,0.002050673887060902,0.4601426190784794,0.0009474781233346592,0.002368874791070639,0.12433328885351266,0.012786554825203269
36,0.03457379368411464,0.00658548451125993,0.009219678315763903,0.026448476476324735,0.00658548451125993,0.001097580751876655,0.020106931141049632,0.026448476476324735,0.007369408600020251,0.012643191675570705,0.009219678315763903,0.00576229894735244,0.00666032342582017,0.02648807033234744,0.00018895215407803252,0.29963954526232683,0.470203594103959,0.023049195789409758,0.00658548451125993,0.0011243510141175491
37,0.05362450870397449,0.010586512565090543,0.036761356637919115,0.0077385185593902926,0.005774461399140297,0.1515575988294965,0.5892294809620136,0.007057675043393696,0.007939884423817907,0.0015123589378700781,0.03673799034997928,0.0017876043921220496,0.001477187799780076,0.021173025130181086,0.0174677457323994,0.004886082722349481,0.0012703815078108653,0.003024717875740156,0.03175953769527162,0.008633370732259523
38,0.011378338792863181,0.07964837155004227,0.07964837155004227,0.009262126247052346,0.034135016378589546,0.00919019671731257,0.014481522100007686,0.011947255732506342,0.26915951557277407,0.03462972676088794,0.032688683410660155,0.15439853637294404,0.002762371267631524,0.0167961130335815,0.0992962293648811,0.0019912092887510568,0.010230001707673447,0.03185934862001691,0.059736278662531714,0.03676078686925028
39,0.0044359980424950474,0.038310892185184506,0.026338738377314343,0.038310892185184506,0.046824423781892166,0.03241690877207919,0.013594187549581596,0.03511831783641913,0.05267747675462869,0.0042808456692569165,0.1404732713456765,0.011706105945473042,0.25295797847701856,0.03798475866620958,0.0040135220384479005,0.09245304822285536,0.0035285564462796916,0.046824423781892166,0.012394700412853812,0.10535495350925737
40,0.00580602829208189,0.0410855564507274,0.1643422258029096,0.054780741934303205,0.032868445160581926,0.01896256451572034,0.0182602473114344,0.007284609976373842,0.0074681652266554285,0.011465736683923925,0.12325666935218221,0.012025040912408018,0.003376895050744718,0.017000919910645822,0.009302390139787337,0.03871590456931055,0.2889677377827569,0.01590408636802351,0.12325666935218221,0.0058693652072467715
41,0.00608904857334006,0.008183421842757105,0.004875230033982957,0.011456790579859948,0.004852600113059432,0.002009963259624552,0.009547325483216624,0.44183988641367306,0.004019926519249104,0.2910028361373691,0.028641976449649876,0.0038189301932866487,0.0019094650966433246,0.004676241053004061,0.002695715430555282,0.0029757897610025834,0.014320988224824934,0.13443985521823693,0.009165432463887959,0.013478577152776408
42,0.006770293620862156,0.02724142936581733,0.2782123059301278,0.025435308703566903,0.00691200446595365,0.005981223735008323,0.005179998798514441,0.018524171968755783,0.11577607480472361,0.005089058233174665,0.27705115880572734,0.04616246329813573,0.0038592024934907872,0.014472009350590448,0.012864008311635958,0.0077184049869815745,0.01596911376616877,0.01403346361269377,0.01781170381611133,0.09493660193195957
43,0.006377907384584678,0.012510510638993024,0.1943787099103472,0.06505465532276374,0.03614147517931318,0.012510510638993024,0.1943787099103472,0.19489508649794485,0.06923571103174173,0.008955777096539214,0.012909548886941367,0.010492686342381244,0.003614147517931318,0.03252732766138186,0.006863059602098377,0.008131831915345465,0.026132086321540293,0.003242359198993922,0.08131831915345467,0.020329579788363666
44,0.009540158631138307,0.017717437457828285,0.013923339559722395,0.2817948477177988,0.008858718728914142,0.00853594663904791,0.010784527148243303,0.0067957294358793425,0.013825294410628455,0.01209971338583395,0.280583759765872,0.014173949966262624,0.007751378887799872,0.027560458267732884,0.009360155638097962,0.006442704530119376,0.008408275403715118,0.00816211355191508,0.2480441244095959,0.0056373664638544535
45,0.021957339735649114,0.04117001200434209,0.1950266368299393,0.013174403841389466,0.050182507641931905,0.01829778311304093,0.06587201920694734,0.014970913456124394,0.01135724469085299,0.19556554009195518,0.019374123296160985,0.03293600960347367,0.0036193417146674362,0.006587201920694733,0.002421765412020123,0.005399345836635028,0.009980608970749594,0.015110058204064181,0.167210445751116,0.10978669867824559
46,0.09352415940107289,0.010104379269684487,0.16477210921163357,0.01286011907050753,0.050399724586360835,0.003450275848184947,0.009430753985038854,0.004479609032593027,0.020208758539368973,0.0025720238141015055,0.08438417383179436,0.01088163921350637,0.0013098269423665074,0.14146130977558277,0.01623326505621442,0.011788442481298567,0.19511904796632112,0.08450128460527931,0.03536532744389571,0.04715376992519427
47,0.14581046758525862,0.0014265662572574714,0.4675570908161364,0.0014265662572574714,0.006562204783384371,0.0773402706613158,0.05381007922375182,0.003281102391692185,0.0059924498147403095,0.0003860120460814335,0.0003211406157009728,0.000886784430187077,0.00031435070519365485,0.017896922136502822,0.028585755497870322,0.15749291480122488,0.01954763231159539,0.000698106891849401,0.006562204783384371,0.004101377989615232
48,0.0057499645291039245,0.013338900265210861,0.035570400707228965,0.035570400707228965,0.04001670079563259,0.006156415507020398,0.0036796966248857548,0.24899280495060278,0.013861783144356814,0.01143334308446645,0.08087541399309041,0.04573337233786581,0.010404902010479146,0.032013360636506075,0.005690574674130904,0.005928400117871493,0.19159573111008002,0.008424568588554228,0.19104441376502954,0.013918852450654813
49,0.0041680874077047615,0.006794183171350904,0.2264727723783635,0.003019636965044847,0.0018117821790269084,0.000876668796303343,0.014823672373856525,0.0013588366342701813,0.06662464538679398,0.00021231822410471582,0.013896451947564172,0.0004852987979536362,9.396106744619131e-05,0.018117821790269075,0.040034541697852644,0.0027661755966476125,0.016153424750013193,0.5726525815852908,0.0005782283550085879,0.00905891089513454
50,0.07439873183273338,0.02171230219438701,0.01464318054970287,0.04497548311694453,0.028009285023586822,0.010088556870291572,0.011660310437726359,0.018309830611315588,0.017017750368573604,0.003148283818186117,0.12593135272744468,0.026235698484884308,0.0027860918745009886,0.012346211051710264,0.006425069016706362,0.006360169329668925,0.014310380991755078,0.37799142230569144,0.1574141909093059,0.026235698484884308
51,0.008581005946538406,0.0886082264700913,0.03978466393395079,0.08752626065469173,0.013675978227295585,0.017526537777921854,0.013675978227295585,0.024200556907639014,0.019027447968411246,0.007417479716499299,0.007545367297818252,0.023968812643363358,0.002735195645459117,0.005610657734275111,0.003517386445503463,0.2615759067164854,0.01067393422618192,0.01620856678790588,0.26061377601798097,0.08752626065469173
52,0.009133923354981591,0.004070552799502665,0.09544678291993207,0.006808924682804458,0.015603785731426883,0.00474039060195247,0.33288076227044017,0.0029959268604339614,0.006523255412899472,0.002880698904263425,0.019710045134433956,0.2249682330853974,0.0029959268604339614,0.005674103902337049,0.006347302670410936,0.01979593898705117,0.003048803109471612,0.00693501588063417,0.22362424754846905,0.005815379282723388
53,0.012531300436797375,0.04328994696348184,0.2845646588479591,0.011074172479030238,0.017006764878510723,0.002660276070381565,0.02976183853739376,0.0646828101750753,0.009392678248403818,0.07872052831371679,0.2860750130036144,0.017006764878510723,0.0021644973481740916,0.005807188007296344,0.006857291764806961,0.004105081177571554,0.007845232222136867,0.08181054670943165,0.017006764878510723,0.017636645059196304
54,0.41759611346287856,0.03862476894625876,0.022243526761927885,0.020448407089195816,0.021068055788868414,0.005842402025484517,0.0496604172166184,0.046349722735510517,0.036591886370139874,0.00496604172166184,0.17381146025816446,0.03862476894625876,0.0034762292051632882,0.06320416736660525,0.008276736202769735,0.009797768934348614,0.005758636885355866,0.0062704175572604985,0.015801041841651313,0.011587430683877629
55,0.01594315938852767,0.20316434051791168,0.08097938571296863,0.1889134544343893,0.010194626405916715,0.003199458035590647,0.004647550273285562,0.006077565741988812,0.15905994531701484,0.008103420989318415,0.015049210408734201,0.02873031078031074,0.01588994842039533,0.024310262967955246,0.003292014776910606,0.0033266675640359817,0.14793053635819578,0.014150750085824696,0.01436515539015537,0.052672236430569695
56,0.005404361844092811,0.03137732438477154,0.0037747157154612377,0.041836432513028717,0.010913851959920536,0.013417887457469843,0.012550929753908618,0.09500918215187303,0.010040743803126893,0.012495305771273247,0.2999128459497444,0.010913851959920536,0.0048741474772460635,0.007968844288195947,0.012550929753908618,0.006048640845257166,0.003346914601042297,0.3014669895461038,0.10040743803126895,0.01568866219238577
57,0.023352270160107325,0.02432528141677847,0.0364879221251677,0.04170048242876309,0.027800321619175394,0.010324892887591157,0.01191442355107517,0.09021351060735404,0.056743871004484886,0.0073899589114263696,0.1459516885006708,0.013268335318242803,0.003559797280504166,0.06486741711140924,0.2655875535685277,0.003581636527623824,0.0048650562833556935,0.017691113757657067,0.0530733412729712,0.09730112566711385
58,0.0889593522292452,0.01468969816298305,0.024482830271638417,0.022952653379661018,0.01932864582747865,0.01159713012867083,0.07533178545119514,0.014496412660838535,0.006885796013898305,0.0042050662680295,0.05007851646471495,0.013115801931234867,0.003739941157177809,0.021187064658148635,0.005271422785759468,0.5267613067634047,0.006405391640835633,0.01296149837910269,0.044069094488949155,0.03348059133703351
59,0.009489888391689707,0.02280130566586072,0.04680954476859724,0.06010262648070147,0.14424630355368354,0.018979776783379414,0.003934458673478422,0.03278325080765534,0.06556650161531069,0.01849311584021584,0.02121269169907111,0.015025656620175368,0.007070897233023703,0.06556650161531069,0.006497581241156917,0.009489888391689707,0.021855500538436903,0.02253848493026306,0.028849260710736704,0.37868676443956345
60,0.014809219189380036,0.22288428214873512,0.07157789274867019,0.02526278567600124,0.10178405852854115,0.0053683419561502636,0.10736683912300529,0.06135247949886016,0.04771859516578013,0.009760621738455025,0.1431557854973404,0.08589347129840424,0.00913760332961747,0.01227049589977203,0.011173508891386014,0.0021690270529900056,0.011011983499795415,0.006135247949886014,0.035788946374335086,0.015378814432894648
61,0.007854696586182958,0.01773990526873163,0.021147260039723347,0.0038182552849500492,0.045819063419400605,0.022909531709700295,0.0059267118197992704,0.034364297564550436,0.1560209539661218,0.015273021139800197,0.1560209539661218,0.022610158496484938,0.003159935408234523,0.06872859512910089,0.007234588960957988,0.004363720325657199,0.04877513202710386,0.0458190634194006,0.1560209539661218,0.1563932015018558
62,0.009652736584199283,0.007722189267359424,0.023222482810630062,0.06877177476860993,0.06871642631955238,0.0010547296581135351,0.4820140720109834,0.06871642631955238,0.010137690625895675,0.01654754843005591,0.06871642631955238,0.03861094633679713,0.0018098881095373652,0.025825615353489317,0.0016314484367660757,0.005036210391756146,0.012870315445599042,0.05791641950519569,0.01654754843005591,0.014479104876298922
63,0.06208345773958338,0.06195639852281154,0.011696779243003521,0.014379224239543565,0.06195639852281154,0.001509261837806906,0.004455915902096579,0.06195639852281154,0.04678711697201407,0.06195639852281154,0.06195639852281154,0.00492495968126464,0.0013367747706289736,0.003018523675613812,0.0016416532270882133,0.033125958312979854,0.001124291087695943,0.3802212936509999,0.06195639852281154,0.06195639852281154
64,0.00625625327049481,0.018768759811484435,0.0402187710246095,0.14076569858613322,0.09384379905742216,0.018768759811484435,0.014076569858613323,0.05630627943445329,0.013406257008203165,0.013358541529291182,0.05630627943445329,0.02815313971722665,0.0032303876590012376,0.021656261320943577,0.018098446961074276,0.154893781384159,0.03778875106935005,0.05630627943445329,0.02010938551230475,0.1876875981148443
65,0.034441715346825656,0.09471471720377057,0.12628628960502739,0.017220857673412825,0.0631431448025137,0.010523857467085618,0.03788588688150823,0.21334403753751408,0.017220857673412825,0.038347646727016245,0.01249477316609776,0.010239428886894114,0.031571572401256846,0.12628628960502739,0.002668020202923114,0.0018391207224033115,0.005421491858403361,0.017435373673376667,0.07577177376301644,0.0631431448025137
66,0.008318356795801628,0.010113234339614037,0.010113234339614037,0.009101910905652632,0.015169851509421054,0.004334243288406016,0.0020226468679228073,0.003873153576873461,0.001978676283837529,0.04048267346205131,0.0053540652386191954,0.030339703018842108,0.007493855440558216,0.7255523264791672,0.0014680501460730053,0.05301545387655447,0.030804131571526432,0.013556037519057113,0.008704573529102479,0.018203821811305265
67,0.01501653793351571,0.025412602656718894,0.1866782515460258,0.021503071909800473,0.025412602656718894,0.00531870256735053,0.04482906116864447,0.0206477396585841,0.16518191726867285,0.0018052668553953316,0.16518191726867285,0.028729808186974227,0.0016354645274126022,0.007865805584222514,0.005506063908955762,0.06719264431268047,0.00398028716310055,0.007341418545274346,0.16518191726867285,0.03557891901260683
68,0.003589820470131673,0.4594970201768541,0.023932136467544492,0.020513259829323848,0.001329563137085805,0.0023539806361519166,0.003778758389612288,0.1462520456469958,0.004786427293508898,0.0020224340676798153,0.08447615170404345,0.00422331820015491,0.0015275831787794354,0.003988689411257415,0.007427214765789668,0.003880886994736944,0.042439827121976796,0.09174932005399708,0.08425418363186091,0.00797737882251483
69,0.02719829865716386,0.011793929762132883,0.0033281404278447057,0.017154806926738743,0.002948482440533221,0.0009435143809706306,0.0007488209372782783,0.19012522118682043,0.009435143809706305,0.047175719048531524,0.027160745883831487,0.12580191746275074,0.0007147836219474474,0.4345719341413038,0.0008276441938338864,0.0015534079305382143,0.001482164527121251,0.05414933909427739,0.027160745883831487,0.015725239682843842
70,0.013203413914038722,0.04271692736894882,0.036309388263606496,0.029047510610885195,0.024206258842404325,0.020171882368670273,0.06051564710601082,0.021358463684474405,0.020748221864917992,0.00435955551323462,0.012520478711588442,0.08068752947468111,0.008571057597761342,0.02593527733114749,0.009310099554770896,0.4301514412404292,0.01190471746347754,0.02593527733114749,0.09077347065901623,0.03157338109878825
71,0.04921893303647341,0.06210126966003569,0.15485480114858186,0.06586781616906924,0.00993620314560571,0.0023389137274527167,0.014201038896379414,0.03548643980573468,0.04968101572802855,0.012420253932007137,0.15443428479377827,0.13153571476232875,0.0065369757536879675,0.0414008464400238,0.0019256207646522695,0.006369360990772892,0.01552531741500892,0.006713650774057912,0.15443428479377827,0.025017258262542637
72,0.028747355127066335,0.010560252903820287,0.03980403017593801,0.03449682615247961,0.017843185940937725,0.047305953391089534,0.17248413076239802,0.014432084938260736,0.12936309807179852,0.008921592970468864,0.02352056328578155,0.014134106982082124,0.00907811214538937,0.0517452392287194,0.011839459386305136,0.302965597004997,0.009582451709022112,0.00749931003314774,0.03980403017593801,0.0258726196143597
73,0.02790698649677821,0.008130956041981177,0.11162794598711284,0.05581397299355643,0.11162794598711284,0.02232558919742257,0.004572900432546869,0.03720931532903761,0.024806210219358412,0.018037891711916523,0.11162794598711284,0.020295990179475067,0.002126246590230721,0.013953493248389107,0.13040518216437916,0.10095248390939933,0.010631232951153605,0.013132699527895628,0.13016383265029596,0.04465117839484514
74,0.039313748622676344,0.23174127693317706,0.03573977147516032,0.09828437155669088,0.13117437432541373,0.018720832677464928,0.005385445016804978,0.09828437155669088,0.039313748622676344,0.009588719176262524,0.06552291437112724,0.056162498032394786,0.01228554644458636,0.008364627366526883,0.006735750029742307,0.01458135362328926,0.020691446643513866,0.005781433620981817,0.06964881662679233,0.032678953278027056
75,0.005552018865498994,0.08772189807488412,0.10965237259360516,0.05482618629680256,0.020886166208305742,0.009332116816477031,0.016244795939793354,0.0025649677799673724,0.00895121408927389,0.07885941879697986,0.07310158172907008,0.024367193909690034,0.24842788080497852,0.02169368034543652,0.010839247779488267,0.003905737544118935,0.012906474954552872,0.07310158172907008,0.027413093148401284,0.10965237259360516
76,0.018404207700196847,0.19573009027228966,0.11042524620118103,0.04732510551479187,0.02760631155029526,0.014403292982762746,0.011423301331156661,0.007925360069836771,0.00567267552173945,0.003991273959078834,0.03011597623668574,0.011423301331156663,0.0030115976236685742,0.02760631155029526,0.005614843027178696,0.0372685205928986,0.19635641173715948,0.06625514772070862,0.16563786930177155,0.013803155775147633
77,0.0819640663487202,0.03719377800698228,0.006655728695986302,0.04215294840791325,0.07903677826483735,0.01290396379834079,0.010063178987287157,0.07025491401318874,0.024994994789224713,0.003976693246029551,0.057481293283518066,0.019759194566209337,0.0023865387123378043,0.37579254820628033,0.00283753203849837,0.006586398188736445,0.010365479116699982,0.031614711305934934,0.10538237101978312,0.01859688900349114
78,0.003919702832897057,0.07317009301955855,0.08082808940117234,0.02547806841383087,0.02459951433059532,0.4304702368821582,0.01783464788968161,0.0069260768503617886,0.020981938693743072,0.0091459732767598,0.03242663252669383,0.016590370129936378,0.0091459732767598,0.027437919830279392,0.004171847459574644,0.012371000855526603,0.0091459732767598,0.011605023402445763,0.11889765259787737,0.06485326505338766
79,0.12445120670005545,0.12445120670005545,0.0053128863315603046,0.12464634458470558,0.04086462149546256,0.0037777253223340826,0.020432310747731282,0.12445120670005545,0.003414583320855087,0.020432310747731282,0.12445120670005545,0.023351212283121467,0.01634584859818503,0.024815053073271545,0.020432310747731282,0.0074299311809931925,0.007783737427707155,0.026013393441962716,0.12445120670005545,0.03269169719637005
80,0.0826318808051072,0.006288221274851087,0.08256549810258675,0.07231454466078747,0.08256549810258675,0.004519659041299219,0.0241048482202625,0.08256549810258675,0.08256549810258675,0.0241048482202625,0.048209696440524995,0.08256549810258675,0.009039318082598438,0.03615727233039375,0.008034949406754168,0.005783565291008673,0.09459895004247335,0.0062537594655692535,0.08256549810258675,0.08256549810258675
81,0.006851606102984072,0.011428814183024856,0.0830074766794587,0.027406424411936282,0.4134609765099938,0.0013128826065598221,0.04098364136309091,0.02192513952954903,0.007072625654693233,0.011745610462258407,0.12989669895871095,0.013316291668029633,0.011539547120815277,0.015660813949677877,0.008770055811819609,0.012010496087710841,0.016865491945806943,0.014616759686366016,0.02192513952954903,0.13020350773796477
82,0.008711233515221847,0.04682288014431742,0.18729152057726967,0.05351186302207706,0.008582577658261785,0.017026501870660883,0.00977454677504845,0.16878027629105255,0.010702372604415412,0.21923197646457349,0.18729152057726967,0.007344765512834105,0.008214233488730864,0.013377965755519266,0.0035054335930705515,0.006041661954105474,0.005762816017762145,0.008513250935330442,0.017026501870660883,0.012486101371817982
83,0.052226253131530856,0.00539543276836771,0.10863915460986125,0.3766271540431448,0.022930589265562774,0.001213217655254362,0.018829456935291075,0.00833839609656828,0.00797585713584792,0.001781016641985458,0.1081235697745969,0.008545335012844154,0.019883867614893587,0.03566980552420876,0.002478982623304083,0.016676792193136558,0.0027794653655227597,0.02315321634581095,0.06114823804150073,0.11758419922076717
84,0.1217374128403802,0.15430091833266302,0.003480471842090142,0.0009827879271859278,0.020126206739042998,0.004408597666647513,0.010723615945899358,0.023234501216115273,0.03995153772194674,0.0005957564414388533,0.007772406250021715,0.028602793948117045,0.011669817352890478,0.0017290703989231572,0.02306172593483181,0.024622486967978134,0.35730700958239064,0.154300918332663,0.0019449695588150794,0.00944699499995896
85,0.008202356108533685,0.0483415251024492,0.005126472567833551,0.007456687371394257,0.0012816181419583877,0.0022168530023064007,0.0020505890271334216,0.7499297013516508,0.007314122414165261,0.04056054510254269,0.0045568645047409356,0.003905883861206515,0.0006561884886826947,0.04841043744875064,0.00870393382833329,0.004971124914262838,0.0021585147654036014,0.027341187028445606,0.020505890271334204,0.006309504698872064
86,0.7517156614905111,0.006653787159134488,0.03548686484871728,0.03153648757219313,0.0017171063636476098,0.00887171621217932,0.005323029727307591,0.001209779483478998,0.002957238737393106,0.0013473167182048555,0.010646059454615182,0.004435858106089659,0.0024551466002919317,0.03153648757219313,0.005069552121245323,0.031454027477990205,0.04618939548928248,0.010646059454615182,0.006653787159134488,0.00409463825177507
87,0.007851809534820875,0.018157309549273273,0.17323361022179892,0.1496209155188721,0.07262923819709309,0.007303502640224367,0.014898305271198583,0.01936779685255816,0.003979684284772225,0.005810339055767447,0.1727001256066868,0.02348517518892093,0.0016989295484700138,0.07262923819709309,0.011173728953398935,0.07923189621501064,0.00907865477463664,0.002876405473152202,0.07262923819709309,0.08164409671915866
88,0.002650796754404239,0.028013027836418035,0.002971965068945722,0.01585048036771051,0.0067930630147330796,0.00951028822062631,0.0026417467279517526,0.03612041281727822,0.13314403508876835,0.002502707426480608,0.028013027836418035,0.10067547838884693,0.031918090603471866,0.10104681234415457,0.06677436410226985,0.011595929653148278,0.027996221472999305,0.3518806641631735,0.028013027836418035,0.011887860275782886
89,0.014716442094713572,0.09516651200775536,0.09516651200775536,0.08094043152092464,0.08094043152092464,0.004150791360047418,0.055139631003479427,0.003444273681741474,0.06150399757325139,0.01011755394011558,0.09516651200775536,0.08094043152092464,0.005396028768061643,0.09531324800944174,0.01499540838816616,0.01441404944893178,0.02312583757740704,0.02023510788023116,0.09516651200775536,0.05396028768061643
90,0.028382021219704137,0.014339256212615621,0.017738763262315087,0.017738763262315087,0.03547752652463017,0.01892134747980276,0.048136684558347596,0.0946067373990138,0.02027287229978867,0.04054574459957734,0.16992335775407147,0.047303368699506895,0.005458081003789257,0.017738763262315087,0.028382021219704137,0.04054574459957734,0.010916162007578514,0.031535579133004595,0.14191010609852067,0.17012709940382179
91,0.130215577779915,0.016434257684326912,0.012217896262627977,0.012567373523308816,0.053914282260754474,0.006891785480524188,0.00309630941878623,0.2771769944997958,0.05341133747406247,0.01570921690413602,0.023738372210694424,0.014243023326416656,0.02670566873703123,0.015260382135446416,0.004644464128179345,0.016434257684326912,0.05341133747406247,0.13039911933044848,0.10682267494812492,0.02670566873703123
92,0.013037522164399549,0.13520235836226127,0.04432757535895846,0.11081893839739616,0.08529885453195309,0.003633407816308071,0.02216378767947923,0.11081893839739616,0.05540946919869807,0.006332510765565494,0.13490418181281744,0.024626430754976926,0.005990212886345738,0.11081893839739616,0.0027928551236817965,0.006537841413860483,0.008865515071791693,0.024626430754976926,0.07387929226493077,0.019914938846806604
93,0.033799049537793134,0.014299597881374016,0.0743579089831449,0.007177049944537778,0.05311279213081779,0.016899524768896567,0.004323134243206099,0.006048594897288328,0.22205977078959083,0.005633174922965522,0.22120602436901032,0.015491231038155185,0.002599926887522549,0.014871581796628978,0.007211012051162541,0.011618423278616391,0.006522623595012712,0.008449762384448285,0.22120602436901032,0.05311279213081779
94,0.06178766291217372,0.06178766291217372,0.06178766291217372,0.06178766291217372,0.06178766291217372,0.06178766291217372,0.06178766291217372,0.024158455628590023,0.06178766291217372,0.015446915728043431,0.030893831456086863,0.06178766291217372,0.012357532582434745,0.030893831456086863,0.06190400107168729,0.021105814218812663,0.06178766291217372,0.06178766291217372,0.06178766291217372,0.06178766291217372
95,0.019197347853211984,0.055677085764486156,0.003976934697463297,0.013919271441121536,0.006959635720560769,0.003711805717632411,0.007953869394926594,0.002294795139056696,0.0037629095028707876,0.0005986783415536146,0.7516406578205629,0.005061553251316924,0.0005623948057018802,0.027838542882243075,0.00831844355766211,0.03475333711213072,0.033136864733994645,0.001546585715680171,0.007953869394926594,0.01113541715289723
96,0.008291450781642559,0.01865576425869576,0.01658290156328512,0.029849222813913213,0.065877865424782,0.003927529317620159,0.021320873438509434,0.02841397728684085,0.008291450781642559,0.09855921682474994,0.04974870468985536,0.0033165803126570235,0.010660436719254717,0.0025732088632683804,0.0027135657103557463,0.001407982208203454,0.005527633854428372,0.003553478906418239,0.03731152851739152,0.5834166277264855
