site,A,C,D,E,F,G,H,I,K,L,M,N,P,Q,R,S,T,V,W,Y
1,0.009246410030716185,0.01952019895373417,0.025097398654801078,0.01756817905836075,0.004562536145270889,0.00585605968612025,0.004748156502259663,0.17614426296321015,0.0053236906237456826,0.002815607156825912,0.01003592408949261,0.006628177674891744,0.001611759546638601,0.014801410634384133,0.002509739865480107,0.0022096867290599914,0.6370958818783087,0.02095828618716762,0.025097398654801078,0.008169234964730954
2,0.01117300224950808,0.03351900674852424,0.04469200899803232,0.025139255061393175,0.03351900674852424,0.10494906944715615,0.06703801349704848,0.03094062161402237,0.01673805707246181,0.009354141418192812,0.0057552850604038796,0.04469200899803232,0.008044561619645816,0.025139255061393175,0.4033552698267758,0.006644430825595553,0.011492230885208312,0.01828309459010413,0.03249366678092889,0.06703801349704848
3,0.004162877650526723,0.2551331575028345,0.015870971042633134,0.016929035778808676,0.004653525460031321,0.0047912365411722675,0.0074686922553567694,0.0074686922553567694,0.009405019877115933,0.002418433682686954,0.010580647361755423,0.009405019877115933,0.002565005421031618,0.009405019877115933,0.0017389083820948867,0.0025142132344765362,0.004617009757856912,0.004378198908312588,0.008464517889404336,0.6180298172443127
4,0.018965783838003604,0.03793156767600721,0.08850699124401681,0.13276048686602518,0.017124609125560797,0.013276048686602522,0.015618880807767674,0.2659851363317251,0.01659506085825315,0.015555523083193296,0.08413108244727775,0.03252518462849507,0.008297530429126575,0.018965783838003604,0.005772195081131531,0.007809440403883837,0.0086832785016422,0.06476014119609838,0.13276048686602518,0.01397478809116055
5,0.010799647874325347,0.021775489539575758,0.03214477027270707,0.025456620515368008,0.016464394529923133,0.6792771567593531,0.018244329073698606,0.01071492342423569,0.015000892793929963,0.004687778998103113,0.05192616736360374,0.015341822175610193,0.006683566096305431,0.017764215150706537,0.003718168018041999,0.006683566096305431,0.007670911087805096,0.015302270064908509,0.025001487989883275,0.015341822175610193
6,0.0021888945867734664,0.007577787901855579,0.005549144609547678,0.019702248544824504,0.011949008052403147,0.0024027132371737194,0.004104635113505104,0.6809110841948889,0.005472846818006806,0.00197022485448245,0.013134832363216336,0.007036517337437321,0.0011006842762471788,0.005970378346916516,0.0014174279528650718,0.0020311596437963403,0.0025924011243190132,0.19788863340624063,0.019702248544824504,0.007297129090675742
7,0.22253662396644586,0.002483986713501888,0.004191727579034436,0.005588970105379248,0.003193697203073856,0.03840716846257156,0.0015968486015369278,0.0011963190603320921,0.002312677284984516,0.003015401408759429,0.12335733035834028,0.09427402146739326,0.06633883099270743,0.29292470827948736,0.00033781102925259756,0.06718519186270382,0.061247032987244404,0.001972577684251499,0.0030485291483886806,0.004790545804610784
8,0.010823105615129908,0.024802950368006043,0.0283462289920069,0.06614120098134943,0.018038509358549847,0.011671976643767547,0.01322824019626989,0.009158012443571461,0.015665021285056445,0.0048005710389689114,0.06614120098134943,0.5981684420130584,0.005952708088321449,0.02052657961490155,0.005131644903725387,0.006688436054293763,0.007259400107709085,0.012665336358130745,0.0595270808832145,0.015263354072619103
9,0.05628405970233163,0.09849710447908036,0.023175789289195378,0.0656647363193869,0.028142029851165814,0.03908304645211299,0.01575953671665286,0.004496052934201103,0.02612980146244242,0.006253784411370182,0.0787976835832643,0.023175789289195378,0.00656647363193869,0.01575953671665286,0.3950968294252682,0.00656400320463489,0.010368116260955827,0.018761353234110545,0.0656647363193869,0.01575953671665286
10,0.004615253418013654,0.013359944104776367,0.7695023792701875,0.012176743254513171,0.010431737177702096,0.020135429004646734,0.006345973449768773,0.008753066827267274,0.01312960024090091,0.004029189491916682,0.0475948008732658,0.008748627548918439,0.002749158173185028,0.01312960024090091,0.0038460445150113784,0.003925344401918829,0.005215868588851047,0.007252541085450027,0.03807584069861264,0.006982857634192461
11,0.009891805629117394,0.015614065800551887,0.02143224552975435,0.023380631487004745,0.5164348790184685,0.009891805629117394,0.023380631487004745,0.01182256666591393,0.020574955708564175,0.004960447585384403,0.1714579642380348,0.023380631487004745,0.005912343594414993,0.030257287806712024,0.006858318569521392,0.013506880255898628,0.009891805629117394,0.008228955012193673,0.0428644910595087,0.030257287806712024
12,0.027522782646330003,0.0349942785153237,0.027041033398204677,0.027729812823932755,0.022033434620759372,0.011224579901141563,0.020513887405534587,0.02669112960401481,0.01983009115868343,0.002005930803952401,0.017685283015686584,0.022033434620759372,0.005775754706412651,0.04249305248289307,0.0072549113995183274,0.007726009542344193,0.007827667562638195,0.5980082632744024,0.04957522789670857,0.022033434620759372
13,0.008158406257840938,0.018764334393034158,0.0016351301246001289,0.5660602589820102,0.031273890655056924,0.06079984976768047,0.02558772871777385,0.024475218773522815,0.010619047992826392,0.007928591997056686,0.04330231013777114,0.035183126986939046,0.006701547997512199,0.018152389263577963,0.006325056536977805,0.006186044305395877,0.014434103379257044,0.027808343455624038,0.04330231013777114,0.04330231013777114
14,0.009870757455883316,0.0086049315471562,0.03490819547746056,0.04494935858850191,0.03595948687080153,0.5421479581152031,0.014194534291105867,0.020745857810077803,0.0414917156201556,0.006498702446530395,0.06742403788275286,0.02838906858221173,0.0041174984966566635,0.038528021647287344,0.005313895364146382,0.005669925563712225,0.013484807576550571,0.008688090043075894,0.04903566391472936,0.019977492706000848
15,0.009000849005841863,0.020456475013276958,0.016668238899707154,0.012501179174780365,0.017309325011234354,0.006818825004425654,0.016668238899707154,0.00907883620335787,0.011999225382943917,0.004500424502920932,0.4520840461654804,0.032145889306578086,0.005844707146650561,0.017309325011234354,0.004167059724926789,0.0055560796332357176,0.20940879455120948,0.048020115823241,0.08639853896761931,0.01406382657162791
16,0.011619240769444723,0.02187890862851885,0.014585939085679232,0.00972395939045282,0.010562231751698754,0.010383210874551317,0.012762696699969328,0.00972395939045282,0.017016928933292437,0.03498936512654112,0.061260944159852775,0.03403385786658487,0.006823308522654167,0.014585939085679232,0.01937548351950284,0.6171423045335107,0.03755662209349436,0.00972395939045282,0.023561901599943376,0.022689238577723248
17,0.006171869313349848,0.0046170560871279945,0.02093106701097998,0.012343738626699696,0.011429387617314534,0.6212501006306003,0.015053339788658167,0.011645036440282733,0.029389853873094514,0.007094102659022814,0.1028644885558308,0.016241761350920654,0.004538139200992535,0.029389853873094514,0.003774681617761311,0.005077088882890185,0.00649670454036826,0.019528334882613088,0.04747591779499884,0.02468747725339939
18,0.6103799656486995,0.009637030062082151,0.00587623784273302,0.02703773090038845,0.00830778453627772,0.24248613457249496,0.011472654835812087,0.006340151356632997,0.007300780350062238,0.003011571894400673,0.030115718944006727,0.008030858385068462,0.0028681637089530217,0.006023143788801346,0.0060418758249565635,0.0029743919944698006,0.0038242182786040295,0.0008359603518068039,0.0009241199250449675,0.006511506798704158
19,0.035249651389305685,0.023462215779118275,0.023462215779118275,0.025696712519986686,0.049057360265429124,0.017407450416765172,0.022484623454988344,0.045906732130312176,0.026981548145986016,0.005802483472255057,0.04496924690997669,0.01046416118332052,0.0036961024857515095,0.024528680132714562,0.008703725208382588,0.006274778638601399,0.5418492002359662,0.011731107889559137,0.03372693518248252,0.03854506877998003
20,0.009694951911443775,0.006091475577976957,0.01967504946734178,0.019112905196846303,0.021579086512568405,0.012854162689416103,0.022298389396320683,0.014542427867165664,0.016315894680234647,0.0016493019943732722,0.029084855734331328,0.03040689463134639,0.007601723657836597,0.01592742099737192,0.036658698733562305,0.007776766928181418,0.011149194698160341,0.01311669964489452,0.6740572050492812,0.03040689463134639
21,0.0035458571944607174,0.021835514101935075,0.011868035523569076,0.011020318700456997,0.013964318332708864,0.005320153855393033,0.007346879133637999,0.31275528346239057,0.015428446180639797,0.19395724024807745,0.023736071047138145,0.011868035523569076,0.001667940127636735,0.010640307710786065,0.0024489597112126666,0.0038571115451599496,0.004675286721405999,0.3100769391485574,0.020571261574186397,0.013416040157078084
22,0.008980848399556568,0.019050284483907873,0.6316546668426597,0.01963706788428441,0.027333016868215643,0.00837280572968585,0.014287713362930905,0.010838954964982064,0.023283681035887398,0.0066174672417785236,0.06286593879689598,0.01256270047073805,0.01047765646614933,0.04191062586459732,0.008611772437930957,0.009111005622738548,0.011226060499445712,0.006514135456290799,0.03697996399817411,0.029683633573150032
23,0.009778634730382348,0.010656054212961372,0.010161306621833344,0.011011256020060084,0.008680254117734707,0.0051207704960012,0.012234728911177871,0.4453538172800345,0.0132135072240721,0.0041804979091329166,0.03670418673353362,0.011390954503510435,0.005328027106480686,0.023595548614414475,0.004719109722882894,0.0035142306447000274,0.007181253926126142,0.3315578005704266,0.023595548614414475,0.022022512040120172
24,0.010666240364715175,0.02362077071348153,0.015501130780722256,0.02755756583239512,0.015974109372737386,0.008857789017555573,0.02755756583239512,0.035645842934034666,0.03306907899887415,0.02585344954398102,0.05511513166479024,0.026107167630690115,0.016001167257519745,0.03815662961408555,0.012098443536173465,0.009539157403521388,0.015031399544942791,0.4973538917467177,0.07086231214044458,0.0354311560702223
25,0.00882707503573552,0.02780528636256689,0.021388681817359152,0.02780528636256689,0.0031034602559564016,0.009116487331989144,0.026481225107206564,0.026481225107206564,0.046342143937611484,0.5586910883530006,0.029228324404346445,0.03271210160301987,0.004150042740681626,0.026481225107206564,0.009425520800870132,0.0038551662786332377,0.012638766528439496,0.03634738529327371,0.046342143937611484,0.0427773636347183
26,0.00907390455730678,0.035161380159563764,0.01607377378722915,0.5648327629616849,0.029609583292264225,0.010003332647827427,0.01278595642165955,0.021637772405885394,0.052285377989483725,0.008929874326238417,0.06250912028366892,0.01607377378722915,0.003606295400980899,0.03213517970929396,0.01278595642165955,0.00969969107850035,0.008523970947773034,0.013553995020665363,0.056258208255302034,0.024460090545783488
27,0.07167980997306372,0.016297052319391405,0.005924313318939828,0.008148526159695706,0.005146437574544655,0.008148526159695706,0.09796556813625368,0.010977988914793544,0.009778231391634846,0.005119148287911704,0.01396890198804978,0.017757477990508058,0.008138642915097782,0.0026427652409823908,0.0022987699147547255,0.06268077541672443,0.09557307996408497,0.523650071235652,0.016297052319391405,0.01780686077882976
28,0.12971627299117058,0.016619905131384102,0.019082113298996565,0.01050342345591932,0.010304341181458145,0.517802559629866,0.016100533096028352,0.007689806851834437,0.019082113298996565,0.004293475492274227,0.03963208146714672,0.017766105485272663,0.006605346911191118,0.01717390196909691,0.004787185597102226,0.040040927981527565,0.05351790698829711,0.02049898859576679,0.03680121850520766,0.01198179207146296
29,0.029674193635194687,0.00013906947459474886,0.00019475729520703622,0.0006845161039040076,0.0006318610189883146,0.016247289315216584,0.0004978298937483691,0.000667736130404921,0.0011734561781211559,0.0321423891863096,0.016526469227521795,0.0010267741558560113,0.0001888320286631745,0.0005299479514095541,0.00016265729201679383,0.17426817150725674,0.6007516533232482,0.005547724703146765,0.09622077639134907,0.022723895187842465
30,0.00837376401118432,0.5718201696128828,0.018980531758684454,0.02847079763802669,0.014781673998041815,0.009901776869333776,0.02711504536954923,0.01725502887153133,0.01725502887153133,0.007207796870386503,0.11388319055210674,0.037961063517368915,0.008760245427085134,0.03558849704753336,0.00616943348250977,0.014113926058671008,0.014984630335803517,0.011165018681579096,0.024743355726916754,0.011469025299273442
31,0.013495894014884536,0.021261551905005862,0.017464846207683387,0.009055846181761756,0.01362370574385188,0.003304160093345506,0.013971876966146709,0.05677018223586992,0.020375653908963946,0.013656924821858173,0.03260104625434232,0.01956062775260539,0.005891755347170301,0.014382814523974554,0.005821615402561129,0.06906177260583375,0.12837296912947377,0.49157840710096296,0.034929692415366774,0.014818657388337418
32,0.030272430371017924,0.013931518040225094,0.012899553740949159,0.01882637573003391,0.014215834734923565,0.008930460282195574,0.016585140524077495,0.004632152702079435,0.016199439581657087,0.004975542157223248,0.030285908783098035,0.009473897264629686,0.0032550275794918444,0.014511997958567805,0.006332508200102315,0.015647238557609893,0.7021113846117086,0.007255998979283902,0.058047991834271215,0.011609598366854245
33,0.006521951940613574,0.024590162245659398,0.019001489008009534,0.013063523693006552,0.022001724114537356,0.006997052980748241,0.024590162245659398,0.019001489008009534,0.012295081122829697,0.2231482126987022,0.06932484779031893,0.026127047386013104,0.012667659338673023,0.015482694747267026,0.005806010530225137,0.009289616848360216,0.013934425272540324,0.4194103207696127,0.024590162245659398,0.032156366013554594
34,0.014663131818163349,0.03722179615379927,0.04032361249994921,0.03225888999995937,0.021038406521712634,0.016685632758599675,0.12097083749984765,0.021745020293425524,0.01382523857141116,0.007560677343740477,0.48562581841870556,0.03024270937496191,0.021038406521712634,0.03024270937496191,0.01105946726760797,0.020019370765330374,0.014016495457907814,0.0070249024832720304,0.03024270937496191,0.024194167499969527
35,0.19884132904465018,0.029323906522033916,0.015235216333810253,0.0011211675895345789,0.018005255667230297,0.567611279953418,0.006829579735845974,0.010424095386291224,0.014146986595680946,0.0043056046160768096,0.015235216333810253,0.013203854155968885,0.006794483157928468,0.013203854155968885,0.004213996007224111,0.009848532055868085,0.014991751186737165,0.0016478325187182523,0.03300963538992221,0.022006423593281477
36,0.006747909110550827,0.03823815162645469,0.019119075813227346,0.07186315225831995,0.11471445487936406,0.012746050542151562,0.014751467079761988,0.15058465849213074,0.06795126156072709,0.002938697842767491,0.019119075813227346,0.057357227439682024,0.0529046107849664,0.11487429748272371,0.12037993149863138,0.0057917176343127205,0.07529232924606537,0.009559537906613673,0.01638777926848058,0.028678613719841015
37,0.08578911116370228,0.007022521783169332,0.0632796057722755,0.016042646312218852,0.010533782674753996,0.0875925272745492,0.0027479433064575643,0.0031601348024261986,0.007022521783169332,0.030536725645035557,0.49498578140810007,0.0024208102184926877,0.0013167228343442495,0.006320269604852398,0.129058295947422,0.003010048670724934,0.0019152332135916358,0.0015800674012130995,0.005745699640774907,0.03991955054272627
38,0.008195378632077154,0.05554645517296738,0.038455238196669725,0.011992401653216118,0.04999180965567064,0.009998361931134127,0.01922761909833486,0.022723549843486655,0.5019584573436293,0.008473188077232312,0.019934197822576313,0.003391140642954643,0.006409206366111622,0.02220890693836471,0.09692770494720804,0.007811220258698537,0.011346608719867807,0.031244881034794156,0.038455238196669725,0.03570843546833618
39,0.006149966883798364,0.04181977480982888,0.04181977480982888,0.01818251078688212,0.03801797709984444,0.013068679628071523,0.0097255290255416,0.02323320822768271,0.08363954961965776,0.005767137685728199,0.06969962468304813,0.059742535442612675,0.41959464972852056,0.004847075990426571,0.0070880974253947245,0.0316758879066911,0.006228818409809423,0.01349024993865448,0.059742535442612675,0.04646641645536542
40,0.04745239687075204,0.06104465275956606,0.02325510581316802,0.028726895416266378,0.04439611109786622,0.01356547839101468,0.01575345877666221,0.009241967511739961,0.026166336984796788,0.008139287034608809,0.06976531743950407,0.02219805554893311,0.00439961461330206,0.025703011688238343,0.008368746646560954,0.00941845231834569,0.4901916831990205,0.01575345877666221,0.05426191356405872,0.02219805554893311
41,0.0037078568040532617,0.005159918277224447,0.009244853580027136,0.007395882864021707,0.5912265956796551,0.002287386452790219,0.007924160211451831,0.006368523136773912,0.008217647626690788,0.007080711545431972,0.07061491319630572,0.00887505943682605,0.0027734560740081404,0.01056554694860244,0.0036979414320108535,0.0035218489828674803,0.004823401867840245,0.22300021177769763,0.013867280370040702,0.00964680373568049
42,0.007488379836989368,0.02198650698679143,0.5081255030494629,0.012585764327920386,0.028093870038677932,0.00745535245170114,0.011890210687528144,0.02107040252900845,0.028093870038677932,0.00828999443764267,0.1685632202320676,0.027545366211753484,0.0051079763706687155,0.014873225314594202,0.007661964556003074,0.007436612657297101,0.007661964556003074,0.009541314352758545,0.08428161011603379,0.012246891248420098
43,0.002394346542933182,0.004275618826666396,0.009976443928888258,0.004275618826666396,0.008856071490424907,0.0022169875397529456,0.014964665893332384,0.05986005207120724,0.004769082582294672,0.495112257363631,0.34973366156094277,0.005985866357332954,0.001197173271466591,0.009976443928888258,0.0018138988961615011,0.0017102475306665585,0.0019056470983310574,0.0014067378145165052,0.014964665893332384,0.004604512582563811
44,0.009085768286180195,0.0248871044360588,0.011409615913511431,0.5751222831731726,0.030126494843650122,0.011409615913511431,0.012178795787858562,0.0124435522180294,0.04244415429857091,0.016354382915124352,0.09540056700489206,0.011448068040587048,0.00854333435864705,0.023850141751223016,0.008672778818626553,0.005962535437805754,0.010042164947883375,0.01270817880067215,0.06360037800326136,0.01431008505073381
45,0.011826733139614251,0.039915224346198104,0.039915224346198104,0.039915224346198104,0.005237841178368893,0.016806410251030784,0.022808699626398924,0.019957612173099055,0.031932179476958485,0.32016720876536686,0.12462181662227872,0.15966089738479244,0.007257313517490566,0.018783634986446168,0.009978806086549528,0.01140434981319946,0.026610149564132074,0.011162300497680069,0.018174014924082313,0.06386435895391697
46,0.10419393793665371,0.024962094217209317,0.012735617347377456,0.05444587336083996,0.01089984571736655,0.060531245326728024,0.013615687754841448,0.025609775563298107,0.14977256530325592,0.006240523554302329,0.049924188434418634,0.01576553318981641,0.0049924188434418626,0.024962094217209317,0.005164571217353652,0.008296514035937518,0.007680644374525944,0.30038881736281897,0.09984837686883728,0.01996967537376745
47,0.5203082478165293,0.0011283864618001865,0.0035463574513720135,0.0024824502159604095,0.0024824502159604095,0.0014791804967113887,0.05220274502977275,0.0010793261808523522,0.0014455029462692062,0.053688773584339294,0.31060723894267167,0.0020687085133003413,0.0002804252945194333,0.010492320323339448,0.006399851377119588,0.0006902842317986481,0.024593744528239675,0.0008865893628430034,0.0024824502159604095,0.001654966810640273
48,0.021225357046069045,0.024350066086547516,0.02087148521704073,0.018262549564910635,0.03246675478206336,0.01082225159402112,0.011688031721542806,0.019480052869238016,0.009256913261890588,0.007305019825964255,0.13589999455156831,0.024350066086547516,0.005406430529708247,0.015378989107293168,0.00439139440721476,0.04565850069748758,0.29295258221888515,0.1784832299992696,0.07305019825964254,0.04870013217309504
49,0.006369278738845803,0.011424968545491212,0.0037115852027732534,0.00556737780415988,0.004049002039389004,0.001272543498093687,0.00583149436176114,0.35011181387183077,0.005147845715002746,0.00866393448033084,0.009559711360143884,0.004453902243327905,0.00021156763936538018,0.0034260786487137723,0.4119248933114092,0.0698828144817574,0.04449251598254918,0.0019364792362295236,0.007423170405546507,0.04453902243327904
50,0.06396069048092133,0.041617263158956384,0.012372699858068116,0.019074578947855008,0.08668371500656333,0.00590561609862725,0.013464408669074125,0.009242380906511949,0.018311595789940814,0.024323078690723768,0.11444747368713008,0.024094204986764223,0.0027577704502922905,0.021799518797548583,0.006634636155775656,0.006271094448609865,0.008323452631791276,0.4600239791280345,0.041617263158956384,0.019074578947855008
51,0.011405316149444759,0.01823233429209719,0.029327955812857957,0.02566196133625071,0.04105913813800114,0.006139300473430622,0.015207088199259679,0.010378986986875989,0.027372758758667425,0.012589630965011474,0.051323922672501424,0.017427573761357392,0.005402518176052781,0.02566196133625071,0.016864540792716022,0.41193879829212504,0.1913991383175499,0.011731182325143181,0.051323922672501424,0.019551970541905304
52,0.010098320691988655,0.02412376609752846,0.009636555345489184,0.016701068836750464,0.015508135348411145,0.09274564762254572,0.020610143916121277,0.011427047098829269,0.00484107553123785,0.005295460850676978,0.08684555795110242,0.43629801094043197,0.0034738223180440977,0.046924881237597534,0.010855694743887803,0.06632176996939483,0.005167518205665492,0.012771405581044474,0.04824753219505692,0.07210658551819542
53,0.006826991333683684,0.017750177467577583,0.01479181455631465,0.019018047286690265,0.011576202696246247,0.004590563138166615,0.011576202696246247,0.0027537255642651713,0.0060433203861688725,0.5570082886558948,0.2672926339775135,0.012102393727893802,0.003915480323730349,0.012102393727893802,0.004958084229327224,0.004840957491157522,0.004749647945582113,0.0049434026034697225,0.012678698191126842,0.020480974001051054
54,0.5759227213277816,0.020432490182177916,0.0032158389895641883,0.017878428909405678,0.014669480130794405,0.005448664048580779,0.019070324170032727,0.015462425002729235,0.028605486255049085,0.007334740065397202,0.08172996072871166,0.03011103816320956,0.004689423976237555,0.0476758104250818,0.00752775954080239,0.00337834708417511,0.024824745086330348,0.0231855842841416,0.05200997500918016,0.016826756620617108
55,0.01964363507848119,0.32236185761823893,0.011157430369781526,0.1441296375846425,0.007179952276693667,0.0017251351995740444,0.00624343676234232,0.007557844501782807,0.02089743607513507,0.05407360192305943,0.01196658712782278,0.008447002678463137,0.006078203375966794,0.008974940345867084,0.01276680624230649,0.014327193671921729,0.29587320885270924,0.0035817984179804326,0.014359904553387334,0.028654387343843457
56,0.07348296625238732,0.013416065033605682,0.02363782886873382,0.03309296041622735,0.020683100260142098,0.008069047499999872,0.02256338210197319,0.03536527843131117,0.045126764203946394,0.006202086447112041,0.055154934027045584,0.029199670955494722,0.0075211273673243964,0.02256338210197319,0.010341550130071047,0.005839934191098944,0.01272806169854898,0.4982745604971145,0.055154934027045584,0.021582365488843926
57,0.07635509106889934,0.017912377424910395,0.0221772291927462,0.027395400767510014,0.024511674370930017,0.05593109575672031,0.023286090652383514,0.01827088876653099,0.006638520933684222,0.011088614596373099,0.09314436260953406,0.025873434058203904,0.00913180025583667,0.0221772291927462,0.46757105510891245,0.0071649509699641565,0.009314436260953404,0.01330633751564772,0.04657218130476703,0.0221772291927462
58,0.011933901366679586,0.007917684560585492,0.025732474821902857,0.025732474821902857,0.007507970058358366,0.021899978571832217,0.19149748704671896,0.0056420908840059385,0.011968071572133813,0.0030380489375416595,0.01645609841168399,0.1470427132680163,0.002729877060056714,0.008060129834294199,0.0033756099306018438,0.3985164950809154,0.06349611676460516,0.02437813404180271,0.01645609841168399,0.006618544554678014
59,0.010413392400414842,0.008247896525695029,0.008919472804438267,0.012224417165704382,0.47169052731497024,0.006248035440248904,0.004081380389821605,0.011715066450466697,0.012224417165704382,0.0078100443003111305,0.056232318962240145,0.011147522491132704,0.006390036245709107,0.01479797867427372,0.004393149918925011,0.005406953746369243,0.009069728864877441,0.010041485528971454,0.04686026580186678,0.28208590980785886
60,0.009922478093831408,0.5675774634653473,0.031421180630466124,0.02976743428149422,0.02046219320970947,0.008569412899218032,0.033269485373434715,0.031421180630466124,0.043506250103722326,0.012033643645710428,0.0514164773953082,0.033269485373434715,0.010283295479061639,0.022623250053935607,0.008254781961007596,0.006982484584548027,0.022623250053935607,0.013794664667033907,0.026932440540399533,0.015869147557935063
61,0.01128966428878668,0.046115090099469756,0.042900724297389385,0.03900065845217216,0.023833735720771878,0.026812952685868367,0.007243877098986672,0.0273417674828216,0.026812952685868367,0.0178315874887967,0.10725181074347347,0.02144136622814926,0.003459735830434627,0.023833735720771878,0.007800131690434433,0.008250139287959495,0.05063290274596593,0.016500278575918993,0.06128674899627054,0.43036013987968974
62,0.03655091903584642,0.06294830169822237,0.1922775141546552,0.22130900549480934,0.1438818324530797,0.012083296422503142,0.01576689696937934,0.018394713130942566,0.047550912377536406,0.006306758787751735,0.027592069696413844,0.07357885252377025,0.0026919092386745213,0.009005727937400256,0.003805802716746737,0.07194091622653986,0.00882946230285243,0.0050167399448025176,0.022073655757131078,0.018394713130942566
63,0.2228795900455487,0.02223555702508554,0.02223555702508554,0.003919954718198906,0.02223555702508554,0.045414200926037124,0.01710427463468119,0.04447111405017108,0.01852963085423795,0.006009610006779876,0.2223555702508554,0.027794446281356924,0.002925731187511255,0.01852963085423795,0.007667433456926049,0.004389757171070772,0.003461551845184439,0.037690816109733585,0.2223555702508554,0.027794446281356924
64,0.0024911176820315148,0.004845560230876921,0.013325290634911533,0.004845560230876921,0.00761445179137802,0.00355341083597641,0.05260887131751899,0.003331322658727884,0.07180808585006182,0.07355261343482557,0.008883527089941022,0.00761445179137802,0.0009421157003778164,0.004441763544970511,0.6231430102609578,0.053239125049041394,0.002010540614730358,0.017983242369406793,0.00355341083597641,0.04021252807603463
65,0.015993073755827973,0.014147719091693973,0.026274335456003092,0.014147719091693973,0.02299004352400271,0.008971724302049837,0.030653391365336936,0.3688423409042857,0.020960380438829262,0.05062522582837198,0.12673932072206387,0.01672003165382015,0.017516223637335397,0.014713627855361731,0.005331024585275989,0.007663347841334237,0.010808717603613172,0.18976398972740338,0.02299004352400271,0.014147719091693973
66,0.5158804213885089,0.006101436936803725,0.014490912724908845,0.0068192530470159276,0.008398719828015013,0.0027601738523635893,0.0037395903806216367,0.012598079742022521,0.005520347704727179,0.01764685465574883,0.007245456362454422,0.006440405655515042,0.006925131799604123,0.0037395903806216367,0.0011951268226728943,0.11624381305551715,0.0022356654840107295,0.24875481090611745,0.009266716107258509,0.003997493165492095
67,0.04076385110866555,0.009522871109098899,0.27735522598457635,0.29613634966710894,0.013150631531612767,0.04467308120054521,0.044469655754907876,0.007267454267470213,0.016244897774345186,0.01232113528413542,0.04602721036064468,0.07605907118735068,0.0014162218572506058,0.012007098354950787,0.006264984042780723,0.003783058385806413,0.0035865358722580276,0.023957763052485537,0.05523265243277362,0.009760250771232394
68,0.005024335416908947,0.02727496369179143,0.019092474584253998,0.01193279661515875,0.021213860649171107,0.0032360126413989825,0.007343259455482307,0.23773067956236826,0.006158862769114193,0.050424610525172026,0.19143812452731962,0.006583611925604826,0.0027274963691791424,0.006583611925604826,0.005237362150031259,0.044840872235144165,0.13596125082989596,0.014338271668701254,0.19092474584254,0.01193279661515875
69,0.10822306618775629,0.3152282079741017,0.002006660565198387,0.007712730668880607,0.017996371560721418,0.022703416640794026,0.06290738360886679,0.006748639335270532,0.005998790520240472,0.03282124362201745,0.03599274312144283,0.006748639335270532,0.0012555608065619591,0.008306017643409885,0.0035070318388218417,0.05409188849445504,0.006792408226839973,0.2673659729360034,0.021595645872865697,0.011997581040480943
70,0.007981256054842506,0.02736430647374573,0.029469253125572324,0.01473462656278616,0.01094572258949829,0.008909309084475354,0.015324011625297609,0.02695574655469607,0.015324011625297609,0.004419371615958329,0.02736430647374573,0.1277000968774801,0.00445179254212867,0.011267655606836477,0.006280332633318691,0.38423769067148955,0.020052188964900512,0.2133996602246772,0.02253531121367296,0.021283349479580015
71,0.006120567071864839,0.01243857179120919,0.38691069465644273,0.07937724110949726,0.017527078433067493,0.013719177208817905,0.03950163061172608,0.014281323167684622,0.029661209655960377,0.1380929812446138,0.1285319085091616,0.01670611819511415,0.004943534942660062,0.029661209655960377,0.009887069885320125,0.00940477379335329,0.012049866422733903,0.012297869701671857,0.03505415686613499,0.0038330170770053754
72,0.25258658882389323,0.006360966606395603,0.01526631985534945,0.017348090744715283,0.01817419030398744,0.10484552993823525,0.034696181489430565,0.006200390117161334,0.01526631985534945,0.004490094075102778,0.027261285455981162,0.01531435092694151,0.007339576853533386,0.02935830741413355,0.0032758660012187253,0.3831222525856753,0.009568335073236813,0.00587166148282671,0.022450470375513898,0.02120322202131868
73,0.020912128280283902,0.007397660913102411,0.07667780369437431,0.05750835277078073,0.02555926789812477,0.00821547896725439,0.06035642858948923,0.019169450923593578,0.03863645513773507,0.005408755766377282,0.23003341108312292,0.028754176385390365,0.003747338333182872,0.020912128280283902,0.23051229856912936,0.004104242627387736,0.013531377122536641,0.014377088192695179,0.11501670554156143,0.019169450923593578
74,0.01502238960273764,0.4219355726259323,0.030044779205475273,0.02804179392511025,0.00512260645859595,0.014858440307166432,0.016825076355066155,0.023368161604258548,0.046736323208517096,0.006895523096338588,0.21031345443832697,0.046736323208517096,0.005462687128268232,0.046736323208517096,0.007711767744900672,0.0090282918974527,0.012746269965959208,0.023368161604258548,0.022138258361929147,0.006907796052671932
75,0.009746929751731151,0.03183997052232176,0.029849972364676645,0.028094091637342732,0.029849972364676645,0.016468950270166427,0.009746929751731151,0.015406437349510527,0.019899981576451103,0.034067209077637106,0.07959992630580438,0.02513681883341191,0.4800631179963544,0.0014028272786921958,0.0060070044278072885,0.021655368397244773,0.002982082149897534,0.013645701652423613,0.11939988945870658,0.02513681883341191
76,0.4438754782030191,0.02255042516398042,0.018040340131184333,0.018040340131184333,0.018040340131184333,0.013504147334298769,0.010824204078710601,0.004469140263324078,0.006364697888251837,0.004747457929259036,0.027060510196776504,0.009020170065592166,0.0038657871709680716,0.019328935854840353,0.005522553101382958,0.026386393146623242,0.27131179323248683,0.016912818872985312,0.04510085032796083,0.015033616775986944
77,0.009223315998029233,0.019764248567205503,0.01729371749630481,0.020747662507328044,0.0291262610464081,0.029483520405150374,0.008063488159733283,0.018446631996058463,0.011400971492551397,0.004536057048211098,0.11067979197635079,0.018446631996058463,0.002170095635305257,0.5564663539471901,0.004476243457978805,0.02640611591841751,0.008384832725481123,0.01495672864545281,0.055339895988175396,0.03458743499260962
78,0.006723904617805148,0.004138975472536166,0.012782993268540353,0.02272216043258292,0.020591957892028268,0.6628364894573694,0.01267197408740201,0.010982377542415076,0.03660792514138359,0.006589426525449046,0.04706733232463604,0.016071772013290356,0.005314053649555681,0.01996795916802741,0.006335987043701005,0.017792124425108805,0.009983979584013704,0.009345991601929912,0.04706733232463604,0.02440528342758906
79,0.013606336116207353,0.09195206046710898,0.09042750848111503,0.18419597386426703,0.0613013736447393,0.002505998886569494,0.036780824186843586,0.036780824186843586,0.02001362293977833,0.009679164259695679,0.18390412093421793,0.02627201727631684,0.035447415749928046,0.01407059062037256,0.01021689560745655,0.02819680798289731,0.036780824186843586,0.005481788926776719,0.09195206046710898,0.0204337912149131
80,0.16543040368143103,0.01835217001833396,0.002076246114830236,0.016516953016500562,0.033033906033001124,0.032339730274530076,0.016516953016500562,0.055056510055001874,0.0825847650825028,0.011797823583214689,0.1651695301650056,0.033033906033001124,0.09941011257509756,0.027528255027500934,0.0206461912706257,0.0026819040669854234,0.005144827247110778,0.0062179000325687855,0.1651695301650056,0.0412923825412514
81,0.07970408121024114,0.01177897031577974,0.07436199323096483,0.050184051132374057,0.021019401040312233,0.157097899196997,0.010277077609485657,0.016014781744999797,0.018683912035833097,0.01254601278309351,0.048044345234999376,0.02922976435636633,0.018683912035833097,0.04203880208062446,0.006005543154374922,0.010848723117580505,0.018683912035833097,0.007155540779680759,0.03057367424045415,0.3370676026641722
82,0.009160849067345314,0.02805510026874503,0.02040370928636002,0.023625347594732657,0.017221977937884173,0.015478676010342082,0.10117979268958471,0.06383837934955959,0.07481360071665338,0.4509008351012547,0.04987573381110227,0.029925440286661362,0.0027092153316503123,0.014027550134372513,0.003936667515479034,0.014155312696739482,0.007125104830157466,0.009975146762220456,0.044888160429992045,0.01870340017916335
83,0.4071867491385547,0.004104107020189525,0.10698256841948905,0.13207172184186583,0.004639425327170767,0.08734737419779162,0.01757785591799586,0.020307031466786012,0.003334586953903989,0.0033643764961964933,0.021341356504985528,0.02858234339163488,0.03899873088507767,0.003679544224997505,0.0011473847583325554,0.0026665798895779613,0.09869341748617758,0.005999804751550414,0.008892231877077304,0.003082809450644816
84,0.026912407600256365,0.012613036681840084,0.008829125677288057,0.005390691373217287,0.019830195073873114,0.004905069820715588,0.005949058522161933,0.006306518340920041,0.17705979785721748,0.022227251621264373,0.013474010938444362,0.0035645678756995175,0.05190453744168132,0.03336421908556807,0.4673995298714883,0.08453925268335381,0.00224836275758094,0.008813420032832496,0.019620279282862352,0.025048667461734463
85,0.010437078660493815,0.07535981761287965,0.016307935407021586,0.026092696651234537,0.01242509364344502,0.011860316659652063,0.0629063161591418,0.007674322544480747,0.0072367294894416226,0.003302872993827157,0.028991885168038377,0.010871956938014392,0.002138745627150372,0.261708633855493,0.01766314155068282,0.004923150311553688,0.007815092196891223,0.38517240113249596,0.03261587081404317,0.014495942584019188
86,0.005933418580441082,0.006204931740243914,0.012460179018926269,0.01329628230052267,0.005474939770803453,0.10729598599630959,0.004046694613202552,0.3543363408507159,0.005170776450203261,0.02224317303593647,0.01861479522073174,0.011634247012957339,0.004476176532362336,0.3076106695297424,0.0021645110721781094,0.09321119383542692,0.0029085617532393347,0.00445006393533081,0.01329628230052267,0.005170776450203261
87,0.012715108459531613,0.03178777114882903,0.31876682536886686,0.2187001285829263,0.018698688911075904,0.01727671421121721,0.009082220328236867,0.018698688911075904,0.04541110164118432,0.007224493442915689,0.10595923716276344,0.05821780234026877,0.00283819385257402,0.04541110164118432,0.009632657923887586,0.021429563578435167,0.01324490464534543,0.011773248573640384,0.028897973771662755,0.004233575504378278
88,0.0036899688716206494,0.009060804005858077,0.008305737005369905,0.009966884406443886,0.007666834158802989,0.005862873180261108,0.006644589604295923,0.021796281345445766,0.012458605508054854,0.012373023680068056,0.09966884406443886,0.3207344120615359,0.18865402813559667,0.04884934024338557,0.01049497544291487,0.018405534612493873,0.0997258484448014,0.007666834158802989,0.09966884406443886,0.008305737005369905
89,0.021970142799971195,0.05858704746658986,0.05858704746658986,0.21846773028447067,0.03515222847995391,0.010338890729398208,0.032533081050062244,0.009250586442093135,0.004828037759900782,0.006762096413566949,0.05858704746658986,0.04394028559994239,0.003994571418176581,0.17606161441304605,0.00437693373062615,0.020882944806603815,0.014646761866647465,0.015978285672706323,0.17576114239976956,0.02929352373329493
90,0.016506602335622105,0.020250776171332394,0.03772937676713624,0.029345070818883736,0.017607042491330247,0.014672535409441868,0.01697619410956586,0.02400960339726851,0.03301320467124421,0.014672535409441868,0.2641056373699537,0.06602640934248842,0.014672535409441868,0.022008803114162808,0.02400960339726851,0.010564225494798147,0.01886468838356812,0.03772937676713624,0.052821127473990724,0.2644146516659246
91,0.0011694657937288413,0.0039286201148793195,0.004780547680743455,0.003235334212253557,0.0018321100916857216,0.0015714480459517275,0.0023913339829700203,0.5553648188581151,0.05500068160831047,0.18650487769124968,0.05500068160831047,0.05500068160831047,0.0006250077455489826,0.0021154108310888647,0.0011458475335064681,0.0010377487095907635,0.0016666873214639534,0.05502437369372121,0.009166780268051745,0.003437542600519404
92,0.01126606652272015,0.35015568563733385,0.03492480622043247,0.04365600777554058,0.013430614385467991,0.009701335061231242,0.024946290157451756,0.015874911918378393,0.03880534024492496,0.007592349178354884,0.04989258031490351,0.02182800388777029,0.0054570009719425725,0.08731201555108116,0.07172105933431744,0.00974169130050591,0.010583274612252261,0.010272001829538963,0.11641602073477489,0.06642294436107653
93,0.005155905165787878,0.029060556388986223,0.019979132517428028,0.017728890506098702,0.021311074685256563,0.01229485077995571,0.009989566258714014,0.012060536031696234,0.3207082078529053,0.004994783129357007,0.039958265034856055,0.01120541766962066,0.0022997562609989096,0.33251400352935223,0.005607167526324817,0.005155905165787878,0.005511484832393937,0.013319421678285351,0.10655537342628281,0.02458970155991142
94,0.01586958685471093,0.01586958685471093,0.03173917370942185,0.03967396713677732,0.00991849178419433,0.004658073092583918,0.01586958685471093,0.0030571066928305347,0.008335118468923468,0.00268976048384931,0.026449311424518215,0.01586958685471093,0.002938812380502024,0.0144268971406463,0.15894420525086264,0.5219824689617365,0.004808965713548767,0.00991849178419433,0.07934793427355465,0.017632874283012145
95,0.7167001499131364,0.007493189300081435,0.010490465020114009,0.010490465020114009,0.006556540637571254,0.012872197826261134,0.004768393190960912,0.004275634742194803,0.0058182126260582535,0.003085430888268826,0.010490465020114009,0.004995459533387623,0.0016139176954021552,0.00874205418342834,0.01939377114669751,0.0016421556105085517,0.10499805006623451,0.004995459533387623,0.017484108366856682,0.043093879679222055
96,0.006620856959011185,0.01354266196161379,0.024828213596291945,0.03724232039443792,0.01215809940988806,0.011917542526220135,0.01568097700818439,0.01805102234944305,0.0229183510119618,0.2986346011690706,0.17245892247715616,0.02708532392322758,0.004884238740254155,0.01986257087703356,0.006771330980806895,0.004317950190659469,0.008762898916338335,0.1809473323465955,0.02708532392322758,0.08622946123857807
