site,A,C,D,E,F,G,H,I,K,L,M,N,P,Q,R,S,T,V,W,Y
1,0.0031004667764428823,0.004069362644081284,0.01085163371755009,0.005008446331176964,0.005852848816793537,0.0029595364684227516,0.0024114741594555753,0.12207488960173325,0.0028308609697956758,0.004202856581855872,0.512594438371884,0.004036581128528619,0.0008739570779234972,0.004822948318911151,0.0011946752716568906,0.0013252571709617847,0.033699275180110115,0.26076515552452595,0.013021960461060108,0.004303375427130156
2,0.007638688248510421,0.031509589025105485,0.028008523577871543,0.026534390757983566,0.01738460084143751,0.07266701523045277,0.06301917805021096,0.016805114146722925,0.009928259966167934,0.008131506845188513,0.020391569385744945,0.045832129491062516,0.005931216757666914,0.029656083788334578,0.4727488064048736,0.028394203747290812,0.006812884113536321,0.015754794512552742,0.06631705435130242,0.026534390757983566
3,0.006028219735509498,0.685409468697605,0.052101041999760664,0.03315520854530224,0.027605524665927986,0.008288802136325558,0.01430224682346371,0.012362959118587277,0.01488601199993162,0.005136722450680628,0.03171367773898476,0.02026151633324026,0.004645952789787575,0.02026151633324026,0.002726177464800803,0.008667359476960233,0.00722192661382821,0.009117682349958115,0.011578009333280147,0.024529975392825528
4,0.009514691538189186,0.025616477218201664,0.03027401853060197,0.033301420383662156,0.014960413431713988,0.020813387739788847,0.018500789102034534,0.3119846163399737,0.015857819230315314,0.004757345769094593,0.08374722684648975,0.016650710191831078,0.004897267703479729,0.02220094692244144,0.0036594967454573798,0.006283286864841917,0.006178899753984458,0.3167404383118234,0.03027401853060197,0.02378672884547297
5,0.0067775769621953,0.012490497068002608,0.01985668764656825,0.049301236812860756,0.01760024586854913,0.7296435794809697,0.010325477576215492,0.007170470539038534,0.010465011056975159,0.003426596540779477,0.032267117425673404,0.014080196694839304,0.004476363111076079,0.016835017787307865,0.0022753601986712484,0.004693398898279769,0.005340764263559736,0.008107743552740082,0.027657529222005775,0.017209129293692484
6,0.021192698402505185,0.008637042626003445,0.00935079703600778,0.012447502608063788,0.0059325262680083824,0.004550699878216868,0.005357153021192009,0.43012157962576164,0.008464301773483375,0.0021160754433708438,0.028214339244944587,0.0075574122977530135,0.0013521248839430309,0.008637042626003445,0.0021703337880726605,0.0024605528411288883,0.002879014208667815,0.39774877701900696,0.030229649191012054,0.01058037721685422
7,0.01263353097685261,0.012633530976852608,0.005527861419032333,0.08843471683796826,0.007348074139597944,0.017737495051602662,0.0018426204730107782,0.005652116598642402,0.003260020836865223,0.07424876044446851,0.007478871331631982,0.07766600823035572,0.12077337789192434,0.2526706195370521,0.0026567735818762385,0.11919110785722509,0.05460006104074231,0.0015696396621943665,0.005779127847170168,0.1282956852649343
8,0.004962048491703663,0.010616475842714815,0.3553687132391625,0.017558017739874497,0.011134352713091147,0.007363039697366727,0.004962048491703663,0.007889996200479015,0.005928681314762819,0.0022940123680238044,0.021738498154130332,0.42953075327835244,0.002701233498442231,0.01014463247192749,0.0027500509713056444,0.0033080323278024426,0.05331332199948507,0.007132944706824015,0.030433897415782462,0.01086924907706517
9,0.041840861481098265,0.030830108459756624,0.02928860303676879,0.030830108459756624,0.017750668507132597,0.047012709342823894,0.020920430740549136,0.006307233478820859,0.01759438625788651,0.006811303031806696,0.06508578452615287,0.015019796429112199,0.005230107685137283,0.02343088242941503,0.5493560960202649,0.0061634032638201415,0.009152688448990247,0.017228590021628697,0.041840861481098265,0.018305376897980494
10,0.007169038083148569,0.010167833084726715,0.8364797063562084,0.007771827372735821,0.007625874813545036,0.005157411303060163,0.011681020093521791,0.00660150356993451,0.009511843853454025,0.0029784561561320686,0.028535531560362072,0.006906536561750635,0.0020765292919512307,0.008588363867681787,0.0032763017717452755,0.002738704267403171,0.003205077820185596,0.005897343189141496,0.028535531560362072,0.005095565422949659
11,0.009872957271271245,0.02446774413887853,0.016810711029461852,0.02704331774304733,0.5875209764073333,0.00863883761236234,0.014465030420699732,0.05066872493560518,0.01480943590690687,0.0029404167820955792,0.08885661544144122,0.021448148554830643,0.0037696745944853856,0.023922934926541867,0.004349624532098522,0.02060030385441608,0.008184161948553795,0.015604981149209243,0.03658801812294638,0.01943738462781527
12,0.00745437496647421,0.01843694650620328,0.021410647555590908,0.013014315180849372,0.013827709879652459,0.006571584893300177,0.01746658090061363,0.04108038825253759,0.012291297670802188,0.0013081602275370546,0.09747306385123461,0.0158030970053171,0.00370798924147105,0.01276403988890996,0.004916519068320873,0.005066641787964259,0.005267699001772364,0.6247037687953952,0.055310839518609836,0.022124335807443933
13,0.007087460277484296,0.029235773644622723,0.001904142656044075,0.6597264240358232,0.02004738764202701,0.015714920593353388,0.019490515763081816,0.016706156368355842,0.012414244733078504,0.011934863951447324,0.05011846910506752,0.03189357124867934,0.004151825843023345,0.013359723854613717,0.005847154728924545,0.00626480863813344,0.009611761198232129,0.015002869953976967,0.03898103152616363,0.030506894237867187
14,0.03268871590175103,0.010160263178269895,0.004757628799229213,0.030574629879409114,0.02378026768398487,0.6036710998995948,0.010882495380806637,0.02293097240955684,0.02568268909870366,0.006551706402730525,0.07134080305195462,0.016896505985989248,0.0028410054312725287,0.022140249223020398,0.0036018591033580923,0.029041707298031835,0.014931795987618407,0.01901385920938915,0.03567040152597731,0.01284134454935183
15,0.0032552770164054547,0.007780906039213037,0.010290875729281756,0.008179926861736783,0.39624665646649054,0.0035056829407443353,0.008179926861736783,0.11124246543364377,0.006896212378569949,0.005746377479186723,0.3000342426607602,0.007780906039213037,0.0023807249821472727,0.00966718629114347,0.0022950873928613996,0.0028483673893547725,0.002502711516618613,0.07108243476669716,0.0301147458914533,0.009969285862741702
16,0.056908244551012704,0.011902733116658275,0.013303054659794542,0.008588047944930656,0.011697513580164168,0.005653798230412681,0.0561906844163502,0.0073745194309730614,0.010600871682023779,0.0027469619106762354,0.028268991152063407,0.015419449719307313,0.0008337665964681992,0.011122226027041339,0.012240263739103037,0.6404619181362948,0.06825077141248768,0.006112214303148844,0.02120174336404755,0.011122226027041339
17,0.004747527401718242,0.00501108972091354,0.06430105536294116,0.009266258302148856,0.01068193665386604,0.7276114266249836,0.013733918554970628,0.008545549323092833,0.017886033466938494,0.004837103390429907,0.04272774661546417,0.013733918554970628,0.003495906541265251,0.015381988781567105,0.004085322386545229,0.005012115452477799,0.004994152201807501,0.008355646834209435,0.01922748597695888,0.016363817852730958
18,0.591594424810323,0.005567923747171684,0.0070527034130841324,0.0022306510493900157,0.007934291339719648,0.2990575159430308,0.008351885620757525,0.005471925061875621,0.0053791805693014574,0.002460245376657256,0.0264476377990655,0.007380736129971766,0.0021300110979113156,0.007556467942590142,0.003455234358780647,0.0022193821929285735,0.0030812781901823887,0.0009830706587304868,0.0037111433588084323,0.007934291339719648
19,0.05863314908768019,0.012503045268754896,0.014447963421672323,0.01667072702500653,0.022419253585353606,0.00915715991514443,0.008335363512503266,0.0788495210664974,0.015479960808934634,0.0051193571179153925,0.04063489712345342,0.012929526594178292,0.002435050014888594,0.01511996172035476,0.0051193571179153925,0.005243212532058505,0.6162562866518396,0.008668778053003395,0.03611990855418081,0.015857520828664748
20,0.007821508812892494,0.006340121624994882,0.015495441987805884,0.014408042550065121,0.01676037602762677,0.002863421805313638,0.015208489358402069,0.011406367018801553,0.01415962802333986,0.0016229354220903376,0.027375280845123726,0.017109550528202327,0.005586792009208924,0.013246103634737287,0.0026211015424677186,0.0067583727249280025,0.008926722014714259,0.007821508812892494,0.7849144632241614,0.019553772032231236
21,0.0022166284574846973,0.00671220706457698,0.005846115830438015,0.009061479537178922,0.011003467860237015,0.003387468985861279,0.005941953794871424,0.2576119884877251,0.007711897478450146,0.260342200571572,0.024163945432477123,0.008237708670162656,0.0013729514450271092,0.010355976613918768,0.0020830987441790624,0.0034519922046395896,0.0032653980314158275,0.3480328450433764,0.021321128322773934,0.007879547423633846
22,0.0053844927031651895,0.013735950773380584,0.6354181829935341,0.09162833569560315,0.015296854270355651,0.005056268148331541,0.014631773649905406,0.008974154505275314,0.016025275902277352,0.00498564139181962,0.061187417081422606,0.010589864327163221,0.0106835172681849,0.03365307939478244,0.005703911761827532,0.0074784620877294304,0.006938779256656173,0.0081518227051696,0.017257989433221762,0.02721822665019461
23,0.0032511555528743855,0.011317013897449532,0.007739832428368279,0.012394824744825677,0.06646677309997609,0.0041230938920388364,0.011317013897449532,0.14810738163535325,0.015311254096549366,0.00446773854999045,0.05460263224894128,0.011568503095170634,0.00464805927930963,0.021690943303444937,0.00464805927930963,0.004004481840635989,0.08820425209444362,0.49474957556534394,0.019280838491951054,0.01210657300657392
24,0.0034470299548125883,0.012169363086501366,0.006914410844603047,0.011701310660097467,0.007313720381184177,0.005245415123491967,0.014487337007739718,0.521538674034558,0.019014629822658384,0.004609607229735364,0.030423407716253414,0.009219214459470729,0.005337439950219896,0.012676419881772259,0.00563396439189878,0.0038029259645316763,0.004409189524094698,0.28517908212849363,0.027657643378412197,0.009219214459470729
25,0.011730212657835594,0.019773787051780005,0.0238649154073207,0.02162757958788438,0.00301471834914863,0.011730212657835594,0.013841650936246005,0.06077851511905052,0.020355369023891182,0.6522164059913561,0.03635167450710939,0.027683301872492013,0.0030090545513578267,0.018704933697629735,0.005536660374498401,0.003515499531828041,0.009227767290830668,0.009446983510872748,0.026618559492780778,0.020972198388251522
26,0.007182731947652633,0.02971039123801772,0.013906991643327442,0.615502651059624,0.01867510306389685,0.009068060228098642,0.009472878365744777,0.009755650854274475,0.06964863225828295,0.0064715703686771256,0.046687757659742125,0.014209317548617168,0.005163598024449858,0.029363318211065182,0.008600376411005127,0.005314053717369022,0.006880301128804103,0.029023755547711708,0.05446905060303247,0.010893810120606496
27,0.08488010175596877,0.002128869421531838,0.031624241534865,0.005018049350753617,0.0028101076364220262,0.12242322368649346,0.06578605957486995,0.40485574850708783,0.007805854545616739,0.07322544113633749,0.08620635334590578,0.03372465041339705,0.0032719456303657323,0.009748867240909178,0.0010359147518707256,0.0317453838016838,0.012305427123126916,0.01326251589937012,0.006386608264595512,0.0017546363788285473
28,0.39057811248129454,0.00606644997599378,0.005581133977914277,0.027617676980354083,0.004293179983010983,0.26275601590594344,0.00606644997599378,0.0030332249879968893,0.005581133977914277,0.0013883417855508151,0.012684395404350629,0.0303999948532076,0.0037371152065408864,0.015498036591831322,0.0018009502521972346,0.13589331032626836,0.06933332159503489,0.0018844476193344275,0.010732949957527455,0.0050737581617402525
29,0.09437454656356846,0.08697556848355867,0.0005812133482213582,0.032643388285610635,0.1284590016745487,0.044714231845131666,0.0011963070627974087,0.0007975380418649392,0.0026584601395497976,0.35556182932634356,0.0029907676569935226,0.0031901521674597574,0.0003738459571241902,0.006456933946604303,0.00031276001641762315,0.17105688368868024,0.027119122575738074,0.0032267769001274997,0.0026584601395497976,0.03465221218010976
30,0.006682801323855282,0.6608851568222612,0.013758708607937346,0.02126345875772135,0.009341534205985004,0.007366123168150772,0.03189518813658203,0.010473046850817978,0.02806776556019219,0.005481985460975037,0.05012100992891461,0.020638062911906018,0.005997385803459868,0.03189518813658203,0.0040809742045248365,0.03976877559647232,0.007386254094787417,0.010795294446227763,0.020934063017873938,0.013167222964773016
31,0.008956112182944717,0.008223441319399491,0.005873886656713922,0.0059590154488402105,0.008050227708030823,0.002045632169004848,0.008391266652448461,0.03518456660497727,0.012093296057940427,0.03784041162561964,0.01787704634652063,0.009789811094523202,0.0025698254123123405,0.009562141069069175,0.0026357183716024,0.05504895711148928,0.3528137705781813,0.3908165605914129,0.01787704634652063,0.008391266652448461
32,0.004762073036099494,0.010841970388209327,0.012256140438845327,0.016262955582313998,0.012436377798240113,0.006358448799100209,0.00783031194704007,0.0038903929394610765,0.012813237731520115,0.0035383836413402834,0.03252591116462799,0.0066184307172550095,0.002998842873334495,0.013863503119349632,0.004888287227053917,0.003342583756048726,0.8056002506323702,0.007047280752336062,0.021141842257008193,0.010982775198445812
33,0.02504174187274126,0.015272872809484426,0.01690925203907204,0.02483134637969672,0.012796190732270734,0.01477567718461292,0.014795595534188037,0.021803133406562977,0.011010675746372496,0.1156677033208612,0.18031079036251452,0.027850532770236313,0.006962633192559076,0.010760433115773122,0.005146294098848012,0.005993152621443255,0.011010675746372496,0.44580643672288206,0.013527401631257636,0.019727460712250715
34,0.014611106307909596,0.01948147507721279,0.03409258138512239,0.015152258393387727,0.013637032554048956,0.008523145346280597,0.08182219532429372,0.012571228253208964,0.034591334534694276,0.20353508791416508,0.4032836090615191,0.013637032554048956,0.008704488864286567,0.024065351565968746,0.0048703687693031975,0.012326359762646915,0.016596925671421462,0.004523088911121015,0.037191906965588065,0.036783422783771745
35,0.1334394295581856,0.03928264273475627,0.006150430134647184,0.0006885850646776416,0.014145989309688526,0.15878863858329445,0.0035364973274221306,0.00428666342717834,0.0064299951407675105,0.0023976253067268683,0.012859990281535021,0.009430659539792349,0.0011203959633588104,0.00416058509108486,0.0017682486637110657,0.5617712107280725,0.012147549308247827,0.0006501222945892289,0.020208556156697893,0.006736185385565965
36,0.049220198555999885,0.008519484966644782,0.010953623528543292,0.0772032137411249,0.015335072939960606,0.00425974248332239,0.006929453835130416,0.007667536469980303,0.2720665414249592,0.0011974869766506846,0.3102113354369741,0.007667536469980303,0.009894330490075202,0.07292808399794298,0.03683525179672794,0.043429586961176374,0.02666729023931882,0.004510315570576648,0.01916884117495076,0.015335072939960606
37,0.329543972862486,0.005301685154803079,0.07720742035070423,0.015847765286678018,0.017667732128740978,0.06942844220337382,0.005887537147687674,0.004418070962335898,0.009940659665255772,0.03575612454626148,0.02650842577401539,0.26242727157483564,0.0009355914979064253,0.006117329024772781,0.024259155269078944,0.0765318588845943,0.017783967208535322,0.004171547863730507,0.007952527732204617,0.0023129148619991336
38,0.0699031552136219,0.025768118535563447,0.01904600065672081,0.008609973216895992,0.015105448796709607,0.004380580151045787,0.017982333406402734,0.012884059267781724,0.41886336416763553,0.013786455611575436,0.13216951383821215,0.008800813757712907,0.003712356060208293,0.011450480762834177,0.17656551349024657,0.004469979745965088,0.005956697731878169,0.016848385196329946,0.016848385196329946,0.016848385196329946
39,0.0052615147113510684,0.01832458571884337,0.025305380278402755,0.026570649292322886,0.025305380278402755,0.011552456214053429,0.010219480497047264,0.015183228167041651,0.03795807041760412,0.004532090477725027,0.04831027144058706,0.03542753238976386,0.5170488413755983,0.004461456717846825,0.0060387839300733845,0.08129962261696846,0.004987171177263651,0.00948951760440103,0.08856883097440961,0.02415513572029353
40,0.007149760348846148,0.04184522208791256,0.016273141923077102,0.017230385565611052,0.025471004749164163,0.010848761282051403,0.011716662184615515,0.005599231454084581,0.010594488431795378,0.006039516590007998,0.05858331092307758,0.017230385565611052,0.0036387149641663083,0.014288612420262822,0.005094200949832833,0.026945136814511557,0.5881368779909327,0.011266021331361072,0.09763885153846265,0.024409712884615662
41,0.004794594757591318,0.012003286003909689,0.011431700956104468,0.008137821019599789,0.19330476612964334,0.0031796784116317057,0.012003286003909689,0.010837311582774196,0.015488110972786696,0.15090981495397066,0.02667396889757709,0.008278128278558408,0.0030388065832682755,0.012311062568112503,0.004286887858539174,0.004286887858539174,0.0063175189494261525,0.48291217042674217,0.015488110972786696,0.014316086814528861
42,0.00570711014748235,0.0161833713603534,0.6666096541919252,0.012866337658001516,0.03015991935338588,0.006993346256225587,0.012943746642128688,0.013823296370301863,0.02073494455545279,0.008293977822181118,0.06635182257744894,0.014815619940748238,0.004513729427037342,0.018957663593556835,0.006840394080149375,0.005769723702386864,0.006259605903532919,0.013019998381841095,0.06031983870677177,0.008835899329088402
43,0.008981848291616246,0.0192468177677491,0.020209158656136553,0.04490924145808123,0.03051033586953871,0.011887740385962676,0.031091013317133164,0.4052583612065978,0.02673568318657369,0.04521843883493278,0.00655391252764391,0.05052289664034138,0.004124318093089092,0.040418317312273105,0.006850562256317476,0.0072175566629059116,0.008963001689178369,0.1573930156157722,0.05774045330324729,0.016167326924909246
44,0.015938153472450877,0.01542740801900047,0.028772022831772957,0.6353655563025273,0.01581309321947548,0.0062658884296331934,0.011295066585339627,0.01020199562546805,0.00937255567009707,0.01581309321947548,0.10542062146316986,0.010040059186968557,0.006141007075524459,0.027501031686044314,0.007530044390226419,0.004362232612269097,0.0069508102063628495,0.016756195523159517,0.0395327330486887,0.011500431432345802
45,0.010708773298278244,0.035421327063535735,0.07674620863766074,0.025582069545886914,0.005638092838423735,0.010963744091094392,0.05116413909177383,0.09193334942290404,0.02192748818218878,0.4617221206616217,0.03069848345506429,0.05755965647824556,0.00852735651529564,0.016445616136641587,0.005481872045547195,0.007194957059780695,0.016445616136641587,0.008279472861169777,0.011511931295649114,0.04604772518259645
46,0.046478698504248295,0.014178413374685969,0.0869782103087507,0.0665461060515874,0.014162382529003944,0.0033360972646319918,0.006301517055415986,0.017865606620931118,0.018904551166247955,0.0025778933408519937,0.018904551166247955,0.010311573363407977,0.0021812943653363023,0.006301517055415986,0.0022914607474239946,0.053085212804685075,0.3643769006913585,0.22746453143245196,0.025206068221663942,0.01254741393565284
47,0.3078482840486554,0.0031914686248181523,0.003330228130245028,0.004505602764449156,0.004255291499757536,0.017731007297531055,0.05195597487183519,0.058362249725415705,0.03167747828280141,0.06259075989420053,0.1234844612008035,0.004505602764449156,0.0005422861605474771,0.0022528013822245784,0.10416265010279928,0.06192092348916055,0.07659401988435144,0.0013926408544661028,0.004031328789243982,0.07566494023224483
48,0.3256646759168925,0.011851557290909634,0.0095724116580424,0.008582162176175941,0.020740225259091864,0.00553072673575783,0.008582162176175941,0.021294340464068855,0.006506103703033613,0.032432918552966414,0.005498321226545785,0.011851557290909634,0.0022938182962776903,0.010820987091700101,0.0035025619557806993,0.15743848441467306,0.24946240335416334,0.07578279988683329,0.020740225259091864,0.011851557290909634
49,0.01797980793472104,0.007251361205841125,0.0024171204019470425,0.0024171204019470425,0.0033839685627258583,0.004729505152659824,0.004504290621580786,0.0014099869011357745,0.02000249463355471,0.010454695600616452,0.022582099123180138,0.0019522895554187649,0.00014744866153795137,0.002307251292767631,0.03357948658388475,0.35147559111765014,0.05075383600605691,0.4423478348664189,0.0033839685627258583,0.016919842813629297
50,0.03355080087217267,0.024819430720799795,0.016546287147199863,0.01805049506967258,0.084013579566069,0.009304555717145748,0.010096039615240596,0.00610366118624804,0.022910243742276737,0.008653757542424093,0.0496388614415996,0.014891658432479877,0.002363755306742838,0.020540218527558454,0.004727510613485676,0.004547071277093092,0.012021474051369233,0.5985739134517754,0.042547595521371086,0.016099090197275547
51,0.06742629357191311,0.009935066442384054,0.019482054668443372,0.023134939918776503,0.014236886103862461,0.0035973110884480073,0.17277987727802735,0.007436870288909805,0.013219965667872285,0.01151865848520182,0.028473772207724925,0.007748209035468258,0.003365082170003855,0.013219965667872285,0.0024967250170442146,0.37132210186630604,0.1781429870713006,0.011216940566679514,0.02643993133574457,0.01480636154801696
52,0.00525694526420252,0.012113830391423197,0.00806845005324521,0.010716080730874367,0.00773939163896482,0.4433745092653076,0.11098235526040241,0.008894023056738204,0.003086761683056788,0.0023026289173779632,0.015478783277929644,0.27983551176261245,0.0015652702191164807,0.012419454041045028,0.0031305404382329614,0.01964615897642658,0.0021187384130812617,0.005572361980054671,0.018574539933515568,0.029123664696392135
53,0.0055109572941571035,0.0534939785374325,0.026023965000186326,0.013011982500093163,0.020366581304493647,0.004731630000033877,0.013011982500093163,0.0031887514785115933,0.008147799372512995,0.3078687568883592,0.47071130458222954,0.01377739323539276,0.004073316260898729,0.010183290652246824,0.003639116531409415,0.0052047930000372646,0.00655224230959467,0.004713704547607696,0.012011060769316765,0.01377739323539276
54,0.7083167297023911,0.015636740983021605,0.0030549766533530605,0.01716227668868225,0.015296811831216785,0.009009502434680261,0.010825436065168802,0.011349247487676968,0.019545926228777006,0.004754414488080893,0.06396848583963381,0.015992121459908457,0.00330353682739893,0.030593623662433567,0.004886481557194251,0.003389977565768408,0.00473670120714637,0.003976684153345403,0.0351826672117986,0.01901765795232357
55,0.08056970432097847,0.0064877105970893405,0.016364145533397108,0.1496881428688959,0.0059686937493221934,0.004909568069588407,0.03236504464005533,0.01257154626514546,0.04023801026815725,0.044984930611424105,0.034571752229150016,0.004663041991657964,0.00892174251074839,0.003391303266660337,0.0011219349152861266,0.07401276533564512,0.32024359959633697,0.1422953280156319,0.008777490807826756,0.007853544407002887
56,0.007310304539316991,0.0034255451260290773,0.004567393501372102,0.007177332645013305,0.003768099638631985,0.0016162833860046376,0.0029553722655937128,0.7703697655859556,0.00579707636712613,0.0011374804526919284,0.01159415273425226,0.006553216762838234,0.0011775311370724952,0.004710124548289981,0.0020096531406037254,0.0013338405800467203,0.0018840498193159925,0.1511101578203368,0.00753619927726397,0.003966420672244194
57,0.011872232622761065,0.01090307077600506,0.01842242993187062,0.019080373858008853,0.021370018720969917,0.05035505334537053,0.013030499220103606,0.009381273072222729,0.11614593281718504,0.00607102804573009,0.05936116311380532,0.013356261700606196,0.006212214744467998,0.016695327125757747,0.5362557276547953,0.005396469373982302,0.006140809977290206,0.014059222842743366,0.044520872335354,0.021370018720969917
58,0.272590032502675,0.003161544267816905,0.04066668658493795,0.030308190945378295,0.003302522105490855,0.013014281065665906,0.014090650176360077,0.01305962699272398,0.004863914258179854,0.0013510872939388483,0.012159785645449638,0.026772235335084157,0.0007348263335675477,0.11023861608564062,0.006084598939791853,0.31892751016730947,0.09246933164563438,0.023903781549182282,0.009580437175202742,0.002720340929969531
59,0.014643171523500796,0.013447307237876287,0.016788153393847566,0.031378224693215995,0.018303964404375997,0.009834965948619939,0.005107356928542613,0.016473567963938396,0.024405285872501327,0.008447983571250461,0.047067337039824,0.018303964404375997,0.007662124634389952,0.021256216727662446,0.00969033409643435,0.006589427185575358,0.010802339648484195,0.011361081354440273,0.047067337039824,0.6613698563313201
60,0.007410399153346311,0.6075034425755984,0.022780115915842364,0.01662332783047956,0.013005337893595977,0.0056427810066765486,0.01662332783047956,0.020502104324258127,0.02365627422029784,0.006834034774752709,0.043933080694838846,0.019840746120249803,0.008092935917470312,0.01464436023161295,0.07395179043916061,0.005041501063342162,0.012060061367210662,0.0099203730601249,0.015376578243193596,0.056557427337468845
61,0.003221225012326418,0.005869785553859924,0.005563934112200177,0.007344393028104235,0.18370099691135133,0.0034001819574556637,0.0019722294357360803,0.006557493775093067,0.008345901168300267,0.18447610660296035,0.17774897273126977,0.005245995020074452,0.0009000481652088522,0.007344393028104235,0.0026610119667044327,0.0021601155965012457,0.12366160489481624,0.07117759424485405,0.020401091744733986,0.17824692505034517
62,0.04988533639241328,0.08478137461069667,0.16777708825974372,0.2922246018157427,0.021803467622591204,0.009382630815329883,0.025437378893023072,0.0411795248109098,0.023439070608348957,0.0042992753058630545,0.03052485467162769,0.017955796865663346,0.002076520725961067,0.028579359565869503,0.0042992753058630545,0.0753902069615118,0.015723091291438288,0.029448498648043643,0.027749867883297898,0.04804277894606144
63,0.37809433877258075,0.03542724249824643,0.02051050881477425,0.0061046796214516445,0.03896996674807107,0.008659992610682461,0.02597997783204738,0.0432999630534123,0.03542724249824643,0.011134276213734593,0.12989988916023687,0.019484983374035536,0.003044528652193053,0.0432999630534123,0.00950486993855392,0.0798653975350642,0.003972847987837502,0.006455888287470535,0.07793993349614213,0.022923509851806516
64,0.008470270098963261,0.0033580629249815594,0.0018081877288362242,0.01109862984733262,0.07834326951058317,0.052078186206714595,0.20575152255439697,0.005122444544922747,0.0016790314624907797,0.016001804390251336,0.0033580629249815594,0.47638734267781535,0.0010569713380949534,0.05293192696420171,0.0031710370992378907,0.022553944165693913,0.037077955870506,0.0018497716412221028,0.006802948201440757,0.011098629847332616
65,0.007482350902140524,0.007482350902140524,0.006758252427739827,0.004988233934760349,0.008057916356151332,0.0022772372310862457,0.007224338802066714,0.20530029664787874,0.0048722284944170855,0.379083334168035,0.036395516260441116,0.005819606257220408,0.0043647046929153055,0.005109898177071578,0.0019952935739041395,0.004275629086937442,0.004318797032077856,0.28681873129940094,0.011026622382101824,0.006348661371513171
66,0.04049133629804057,0.012631112942347316,0.007561188471161342,0.021893929100068685,0.020525558531314388,0.03731919732966252,0.038963772127240885,0.004459162431710535,0.25725366692580703,0.008118009512206663,0.008281301658890993,0.029322226473306276,0.01741040540430689,0.0030510058743282607,0.06454934269158182,0.166480336329629,0.031172160207839104,0.0032812704686171856,0.05415463176869478,0.1730803854532457
67,0.1546945177724327,0.009842547332299306,0.27803054961873863,0.08027392035267676,0.008947770302090279,0.008941160800775352,0.03658259109901584,0.0070303909516423605,0.014060781903284721,0.01562360326651933,0.05905528399379584,0.12034326544766605,0.001043379575862117,0.006866893487650677,0.0028948668624409718,0.10748087727260076,0.002400621300560806,0.008202122776916088,0.061998425660791015,0.015686430222240273
68,0.05381464519287195,0.013680507031833098,0.007920293544745481,0.004067177766220652,0.0042995879242904034,0.0017297192798869437,0.0038586045474401053,0.09369132720874132,0.0025080929558360687,0.0053945557041178175,0.14180380900719966,0.00396014677237274,0.001175668573048157,0.01315469104714647,0.003946407314143941,0.0667732117553155,0.22079682918142615,0.30224668016497014,0.05016185911672137,0.005016185911672137
69,0.04832481256457912,0.028266182107876014,0.001163212877724075,0.0021382742307305583,0.0036656129669666716,0.015631068446751713,0.0019737915975974385,0.07874150730051177,0.0034212387691688936,0.11648151967531324,0.0057020646152814896,0.016773338833245107,0.00038585399652280754,0.43610680966437265,0.019568895305452624,0.00761892164253139,0.08946905054542259,0.10978180166679818,0.007331225933933343,0.007454817259220049
70,0.020233094211899776,0.013194826377044049,0.016834778481056203,0.013561349331961941,0.025695188207927884,0.008876519562738723,0.015256517998457182,0.01394881645573228,0.014359075763253818,0.016412538622773795,0.030513035996914364,0.02871815152650764,0.004065868195016606,0.018081799109282586,0.0036985498178078013,0.45994790139556857,0.24715917325400194,0.007874331870171449,0.02034202399794291,0.021226459823940426
71,0.06636172073380009,0.006860162163328905,0.23130908258649718,0.5259360058638775,0.00914688288443854,0.002014393395776973,0.004725761878685884,0.01727748224116565,0.00949868607230156,0.002684411281302615,0.027440648653315615,0.007131009953581308,0.0016686880937827068,0.02028226176136837,0.0039833199658038795,0.023854705594336664,0.008481673100208592,0.0100885029873986,0.01899737214460312,0.002257228644426109
72,0.01725171902270856,0.02283029436353124,0.02055699969336043,0.015662475956846042,0.019934060308713142,0.03671526577865183,0.02192746633958445,0.011871935138013025,0.017311157636514043,0.00572020861032638,0.02740933292448057,0.04877296403757054,0.006712489695791161,0.021220128715726892,0.0040792834185108436,0.6184436038184906,0.030995427461793082,0.006924463054605617,0.026312959607501345,0.0193477644172804
73,0.011115307794159038,0.021711393886285846,0.011115307794159038,0.027170752385722096,0.022230615588318077,0.007641774108484338,0.0018185256042269106,0.010632033542239077,0.5133477412343264,0.003633772909652975,0.04075612857858314,0.010632033542239077,0.0019720707376733775,0.015283548216968677,0.2294490614369468,0.00427501256710027,0.007192257984455848,0.011115307794159038,0.024453677147149883,0.024453677147149883
74,0.012151774599318457,0.5598110900491406,0.03969579702444028,0.04961974628055035,0.005856562970155228,0.006844102935248324,0.013532658076513734,0.01701248443904584,0.03969579702444028,0.007173939221284389,0.05413063230605493,0.024809873140275173,0.00500367189383701,0.029771847768330206,0.007751457926497451,0.006105862558446811,0.008887118736814989,0.020532308805744973,0.05983332653081676,0.03177994771304387
75,0.009328219835391938,0.018373766342438667,0.035666722900028,0.02332054958847984,0.022456825529647253,0.012374169169397467,0.009779585311298,0.01595616550790726,0.022456825529647253,0.025439688753461073,0.10105571488341264,0.02165479604644557,0.5727258378158885,0.00945985708138423,0.005600784300067163,0.02481584720515185,0.005825850110759617,0.011024259805463196,0.03789589308127975,0.014788641202450633
76,0.04945750775077051,0.01295394902297602,0.024057333899812607,0.011226755819912554,0.005103070827232977,0.006014333474953152,0.0039163101697369355,0.0020206835051694246,0.0028649622975781665,0.001913651560212367,0.01295394902297602,0.003583007176567836,0.0015035833687382881,0.006736053491947531,0.0024764902543924746,0.662634532235216,0.15768319448289697,0.006237086566618084,0.021050167162336035,0.005613377909956275
77,0.05241499358738633,0.009688310967912922,0.013126098730720733,0.17740459368038447,0.009924611235422993,0.030147185854182978,0.003179647166363439,0.009924611235422993,0.007560853123832605,0.0024077459210197797,0.12812553988027772,0.11620688500769369,0.0009195281987447217,0.3818362617915117,0.0020047445428812353,0.0032294369893043078,0.0032294369893043078,0.007978609032398876,0.02906493290373877,0.011625973161495507
78,0.006043917856986025,0.004492899249948246,0.00965962445336648,0.022448837754519516,0.023809373376005548,0.7392333840104351,0.009581820992782722,0.01208783571397205,0.013095155356803051,0.0048203025853262756,0.04135312217937805,0.011727004797137062,0.004270159355479255,0.012471576530288622,0.011351647687396594,0.008924157950069895,0.006387880661855148,0.006031856562434237,0.029100345237340113,0.02310909768847597
79,0.0266059183143862,0.016631270351265007,0.27627806435841834,0.12437386243368366,0.014783351423346674,0.016978110579064454,0.014783351423346674,0.12430481792214704,0.003959963574658301,0.004927783807782225,0.12430481792214704,0.03326254070253002,0.022173605244368226,0.0072864738046786205,0.007002640147901055,0.004291940735810324,0.03326254070253002,0.005700777206442311,0.12430481792214704,0.014783351423346674
80,0.22084156769783111,0.04725872737213153,0.003359673915758738,0.019691136405054804,0.0787645456202192,0.017853438995080243,0.033756233837236804,0.11814681843032879,0.04725872737213153,0.009451745474426303,0.11814681843032879,0.0393822728101096,0.008236954432013673,0.033756233837236804,0.0098455682025274,0.003241909081213517,0.005810790902127911,0.019791291381783063,0.04725872737213153,0.11814681843032879
81,0.001392714770609399,0.0018016921800952477,0.003843892766881942,0.014172502156418257,0.0034320471132874477,0.02116426988691793,0.24786517723390342,0.006718815837116803,0.028860368027615355,0.10204201552621145,0.012012164896506066,0.07660119469436238,0.0012986124212438991,0.005652783480708737,0.022676003450269214,0.04635908930172981,0.22676003450269214,0.08181146342842226,0.005338739954002697,0.09019641837100545
82,0.004003689819984728,0.04810686679385302,0.014012914369946547,0.01648578161170182,0.0235716246867036,0.004061714310129434,0.015895899993635026,0.4659418446076954,0.017516142962433184,0.2636843750270904,0.015569904855496164,0.014012914369946547,0.0008328203194402146,0.00683556798533978,0.0019457402836528285,0.028663674798004093,0.02075198175421111,0.011179764818289785,0.018683885826595397,0.008242890805850911
83,0.08770009850539184,0.003687502884380931,0.15559025220919684,0.09360985279204019,0.005926343921326497,0.09233949829873432,0.007351387899020143,0.08324201016470113,0.003859014646445161,0.053789393749973664,0.01382813581642849,0.044158217414283954,0.12080076138262247,0.012053141743305136,0.007461468698236513,0.026115140443827796,0.0442272539774503,0.11425373944174659,0.008733559463007471,0.021273226547880598
84,0.060297648165621845,0.02951277294182335,0.006478413572595368,0.001154920691079152,0.007378193235455837,0.11855130825783276,0.20717966605159988,0.018069044658259193,0.08789689964484816,0.012382981653911896,0.003944244748276134,0.06993308897351497,0.010322853315974087,0.20242261923696162,0.04497271984785056,0.028171283262649567,0.02330006104595158,0.04258805209326409,0.007214751197286268,0.01822847740524383
85,0.004997474900556594,0.0006178683825926877,0.0010540107703051734,0.0033957318830453082,0.0006178683825926877,0.018122711177842598,0.002384499501092191,0.0003656772060242438,0.0003472582759567095,0.022689362832739778,0.8774412661938789,0.013531624346122468,7.963636931194643e-05,0.01676341180250714,0.0010743946023483505,0.005855029765149146,0.0019770230375828284,0.02575621679517629,0.002239772886898493,0.0006891608882764594
86,0.2958804584792585,0.007673427387375958,0.008481156586047114,0.017904663903877238,0.007324635233404324,0.022377513666498542,0.003747487793834771,0.026463842249076535,0.007673427387375958,0.1271000093563706,0.013428497927907929,0.008057098756744758,0.021956438401903887,0.17933978809865253,0.0023020282162127875,0.151537671262979,0.04255611587214625,0.008952331951938617,0.013428497927907929,0.03381490954048668
87,0.007713305018017219,0.012598398196094792,0.3544138770536087,0.04964497264266886,0.01511807783531375,0.12952906637264613,0.020195888895821194,0.01303282572009806,0.02223246740487316,0.00439479006840516,0.09448798647071095,0.13661480141430296,0.0018992560094615264,0.03149599549023698,0.004973051919511102,0.05097057673707255,0.0065164128600490295,0.004973051919511102,0.034359267807531256,0.004835930164065512
88,0.0007161726020407357,0.0026354776810055855,0.0028382067333906306,0.13931909087853883,0.013931909087853885,0.001941930922846221,0.00108519669217877,0.07490750030486064,0.0565983806694064,0.0020191172591092583,0.009224171883519547,0.20044290137369825,0.04583918363676063,0.017414886359817357,0.04312257574811916,0.1177127981131485,0.03446365761005414,0.006057351777327777,0.00527095536201117,0.2244585353043125
89,0.5728254226555074,0.06855293288973714,0.013840077325904874,0.04370550734496277,0.004072037674095795,0.0029318671253489724,0.0027912349673169506,0.00333166718789656,0.010576471705896305,0.10844836710597104,0.012216113022287386,0.021852753672481382,0.0009772890417829908,0.06861218029572262,0.01096063345114329,0.0019288599508874816,0.0022905211916788852,0.006108056511143693,0.03664833906686216,0.007329667813372431
90,0.01789028597838619,0.029369267755027406,0.051115102795389125,0.051115102795389125,0.025557551397694563,0.025557551397694563,0.010890020445119112,0.023853714637848248,0.04472571494596548,0.010223020559077823,0.17890285978386194,0.04472571494596548,0.009670424853181725,0.01987809553154021,0.016263896343987446,0.010223020559077823,0.01883187997724862,0.025557551397694563,0.051115102795389125,0.3345341211044614
91,0.1613668815042824,0.07484572788491056,0.01282179978511451,0.016788869800262063,0.012742030199058065,0.006342461924543447,0.08164988496535698,0.029721684260278557,0.028541078660445505,0.11251533598522821,0.03567634832555688,0.03567634832555688,0.0023784232217037918,0.009206799567885646,0.002718197967661476,0.013143640018813562,0.0608423336354757,0.2673458056423089,0.023784232217037918,0.011892116108518959
92,0.008545451979561684,0.4559286161539484,0.02865239781382448,0.03044317267718851,0.01565352732218406,0.012818177969342528,0.022140489219773463,0.019483630513400647,0.04059089690291802,0.008856195687909383,0.08118179380583603,0.034792197345358294,0.004310537724203683,0.04059089690291802,0.0042384195972915055,0.024227672609533287,0.008856195687909383,0.011880262508171124,0.08118179380583603,0.06562767377289144
93,0.09486219141894672,0.09055027362717644,0.017986748699117212,0.015507703957862414,0.032598098505783525,0.039753778665589656,0.05821089018889914,0.013427649904992962,0.2696239499560721,0.0028778797918587533,0.03197644213176393,0.01455559314264766,0.0012622279788854184,0.06791270522038231,0.00348752548922892,0.011940695423363923,0.06948576759701033,0.007573367873312511,0.14389398959293773,0.012512520834168496
94,0.07891822770641282,0.016719869159747276,0.012861437815190212,0.1465624228833381,0.009835217152792517,0.09667138257017441,0.009835217152792517,0.0031467503149535322,0.028028876239206527,0.06633706097060788,0.023885527371067538,0.011942763685533769,0.002171411579187958,0.008799931136709092,0.15640592266853623,0.07992628555455436,0.05591157889823474,0.08455524397115659,0.08359934579873639,0.023885527371067538
95,0.06648124803386113,0.06465112486639968,0.019404765664715655,0.019404765664715655,0.010124225564199474,0.0072767871242683715,0.033817511468578296,0.007556013733611386,0.09084958025007825,0.04147430651806771,0.08792552981830357,0.007761906265886264,0.002176235401650354,0.08098404062212168,0.047156154177397124,0.1359369999233758,0.2178869756491186,0.03434591008527483,0.01369748164568164,0.011088437522694661
