site,A,C,D,E,F,G,H,I,K,L,M,N,P,Q,R,S,T,V,W,Y
1,0.004873962838474623,0.0071948975234625385,0.011622526768670255,0.008887814587806667,0.0027333883359550847,0.003976127578755614,0.003147767666514861,0.14495005816911788,0.0037773211998178334,0.0008887814587806666,0.4468345267815253,0.00981119143310265,0.0010492558888382868,0.004873962838474623,0.0011712623875404133,0.0024755136776713166,0.28983977113188797,0.017506578290690977,0.025182141332118886,0.009203150110793474
2,0.007733342924078283,0.020438120585064036,0.02725082744675205,0.03011933559904174,0.026012153471899686,0.037803431584535606,0.028613368819089654,0.01846023794779978,0.011719538625355467,0.009699447057318527,0.019443416775414484,0.02289069505527172,0.008941677755965516,0.038151158425452865,0.5494211618812399,0.011092947072343783,0.008804113482796815,0.015896316010605364,0.05548440253617518,0.05202430694379937
3,0.007546567383515901,0.6893107414876892,0.03982910563522282,0.02867695605736043,0.009483362167568538,0.006638184272537136,0.012360756921276047,0.014338478028680214,0.016293725032591154,0.0051208850102429345,0.04480774383962567,0.014057331400666876,0.004168162217639598,0.017485948815463677,0.003355432575833562,0.014161079177600873,0.008534808350404889,0.008534808350404889,0.016672648870558388,0.03862327440511704
4,0.012812859642578002,0.033510555988280934,0.048404136427516904,0.029042481856510143,0.01657890696960028,0.017425489113906085,0.01502197337405697,0.4177442801510378,0.022928275149876425,0.010119915771328244,0.030514084117001856,0.034576378885371496,0.006806831685119565,0.031116944846260867,0.005312649120093319,0.006806831685119565,0.013985624831155969,0.1072655285770117,0.10890930696191305,0.031116944846260867
5,0.007124903457386128,0.016072229743049886,0.027552393845228382,0.023687709870844082,0.018368262563485588,0.7438701448859656,0.01056804147488212,0.008571855862959941,0.010150881942978878,0.0035066683075745215,0.030858681106655787,0.014026673230298086,0.0044593469807306056,0.017533341537872605,0.015735848717429272,0.004285927931479971,0.004619563039918531,0.007466528959204678,0.0164141920780084,0.015126804464046954
6,0.03683147313974105,0.02029381141372997,0.018984139687185188,0.030440717120594946,0.06105461455431447,0.007124423155883925,0.009705735893523026,0.006611158039948685,0.012878764935636326,0.021865864389167954,0.037205320925171606,0.012635769370812998,0.0021396031202974082,0.01424884631176785,0.0032042860126942053,0.0036796471244675217,0.005627695602126797,0.644115406833529,0.039393869214887585,0.011958853154519444
7,0.0004692937675209146,0.00014409967074136172,0.01873822971744223,0.0002631385291798779,0.00018913081784803723,0.02862594053039236,0.00010807475305602128,7.630149548817192e-05,0.00014761429685700465,4.920476561900155e-05,0.00037826163569607446,0.002107161826954502,0.0012218509443874708,0.0008007790477539414,2.3194113881559055e-05,0.0057307032427036724,0.00026728781833108855,0.00028828045719141886,0.0003026093085568596,0.9400688432603985
8,0.011155315322659853,0.02928270272198211,0.01849433856125186,0.03194476660579866,0.01434254827199124,0.008784810816594633,0.009898378384895361,0.0066300458993167055,0.024795028348008948,0.004085958519346342,0.03904360362930948,0.6763429006876777,0.004534095905339167,0.02196202704148658,0.004476336721831661,0.009732972885282508,0.030430262063465534,0.010335071548934864,0.02811139461310282,0.015617441451723791
9,0.049450025926859084,0.019780010370743634,0.06593336790247876,0.034905900654253474,0.022823088889319578,0.008999450888129805,0.019780010370743634,0.004586885740513292,0.009727873952824736,0.006900003617701267,0.04238573650873635,0.016037846246548887,0.004824392773352105,0.0282571576724909,0.5695338771241961,0.006513178892958,0.007807898830556698,0.015615797661113396,0.034905900654253474,0.03123159532222679
10,0.0033328074134087995,0.012461801632745947,0.8320009842064529,0.008435056565631226,0.008430042280975198,0.004710188881295729,0.011144866138992966,0.007477080979647567,0.010748303908243379,0.002895166035890472,0.023239576017823522,0.0078015991825936114,0.002193531409845587,0.007412623384995433,0.00293469048689239,0.0028100140936583996,0.004018057535791917,0.01697715360033126,0.02605649432301425,0.004919961921769668
11,0.008060025260625051,0.019707196746025012,0.02140075672648721,0.026983562829049096,0.5992776040436056,0.008166078224580644,0.01292962385558602,0.022001792256353465,0.018253586619650857,0.003302386630764016,0.12412438901362582,0.016773566082922405,0.004056352582144634,0.014776712977812594,0.005215310462757386,0.0056649604008261216,0.0061447717333478116,0.029096253929026143,0.03266431289832258,0.02140075672648721
12,0.032908535059116305,0.023192015714732405,0.023192015714732405,0.015285646721073628,0.020380862294764837,0.007642823360536814,0.011799446591705957,0.012228517376858903,0.014945965682827548,0.0013994420905394187,0.08516423638963833,0.018682457103534438,0.005019167580054027,0.017699169887558937,0.005213708959125888,0.005699732675654574,0.005899723295852978,0.6477188264555039,0.024909942804712586,0.02101776424147624
13,0.005777041535541304,0.028163077485763858,0.0015144683820482402,0.6506723908539468,0.022530461988611084,0.039154693816697485,0.012998343454967934,0.020482238171464627,0.011951580625859567,0.006437274853888881,0.03379569298291663,0.024139780702083304,0.0042779358206223575,0.014518812458962332,0.004862689637829732,0.00759453774897003,0.009519913516314545,0.015819999160722957,0.051993373819871735,0.03379569298291663
14,0.014593717889623907,0.005859012650970077,0.004328508616414401,0.033392310309334906,0.021877720547495285,0.6104989303324118,0.01586134739693408,0.016696155154667453,0.028838813448971053,0.005985414112050597,0.0793067369846704,0.019225875632647372,0.0035643477296481074,0.027584951994667966,0.003838734671436492,0.012200710138966493,0.008811859664963378,0.025222416521885116,0.039653368492335195,0.02265906770990583
15,0.005535713549973609,0.015396203310864096,0.012632782203785926,0.01368551405410142,0.01589285503056939,0.004604472018202348,0.01231696264869128,0.01569548768171249,0.008173587935166846,0.010767289428781905,0.47453270917385126,0.014929651695383368,0.004005516308517489,0.014076528741361461,0.003138079655717523,0.004783286465511177,0.07021070091768068,0.00518358773709688,0.2790428681321666,0.015396203310864096
16,0.005687135707512491,0.003089730688410586,0.003604685803145684,0.0019441002084381212,0.0024369706838167997,0.001696322730892086,0.0027907244927579487,0.0019887921672527903,0.0029326257381524206,0.0024800834673828855,0.009106574660578569,0.003531120786754956,0.002992168402037658,0.003604685803145684,0.0030900618952734624,0.16681833646572666,0.7715257042994317,0.0012358922753642342,0.0037614112728476695,0.005682872451077632
17,0.005078427073444018,0.0041761956848161965,0.006984716010008322,0.008761681873963853,0.010774500682847441,0.7729743365650545,0.014237733045191263,0.008135847454395006,0.01661068855272314,0.004067923727197504,0.04983206565816942,0.013746776733288115,0.00410986108520985,0.019446659769041724,0.004001034185935234,0.003665964504275859,0.00577763080094718,0.017996419112474064,0.015633589226092367,0.013987948254924751
18,0.8674593305231415,0.001916135016669375,0.002930559437259044,0.0014517828011525677,0.002846829167623072,0.09589028540896566,0.002317186531786221,0.0024302200211416465,0.0018116185612146818,0.0008100733403805489,0.007117072919057679,0.0026929465099137166,0.000837302696359727,0.0020758129347251564,0.00035236836155158493,0.000922583526544514,0.001027206400688737,0.0008985775080661815,0.0009979463703130697,0.0032141619634454043
19,0.06867144538214282,0.025069694011176997,0.015833490954427574,0.021488309152437424,0.0150418164067062,0.008980188899526089,0.009863486168331933,0.08654517866589323,0.019408795363491868,0.004737579970616126,0.037604541016765504,0.006956634699228024,0.004796314180141151,0.019408795363491868,0.005186833243691793,0.0050139388022354,0.5838861611327193,0.009116252367700726,0.040111510417883196,0.012279033801392815
20,0.00742727848525852,0.020679899078515147,0.015437088616419665,0.013573991714437982,0.01457947258217413,0.002724796283238899,0.015437088616419665,0.012301429991209421,0.016401906654945897,0.002256489210027945,0.0231556329246295,0.016067173866069446,0.005623510853124307,0.01675088339228517,0.003057092387907376,0.005093986586774115,0.009719648388116089,0.00960111609070004,0.7713664781006657,0.018745036177081027
21,0.0032709609968053885,0.0034399130365979982,0.0030174675759631563,0.00409513456737857,0.002268146497502269,0.0016538043445182683,0.0029151805394898294,0.7421576077890184,0.004410144918715384,0.02614882066332912,0.00781798417408636,0.006142701851067854,0.0007413605682323273,0.003822125596219999,0.0010617015545055552,0.0013759652146391995,0.0016862318806852934,0.16900475631271664,0.008599782591494996,0.00637020932703333
22,0.008204514197140498,0.017409578906127397,0.6898853111941932,0.04528669985147457,0.015862060781138297,0.005650615860712804,0.01297804973002224,0.008497532561324087,0.017409578906127397,0.005210165950008929,0.033990130245296346,0.012168177005957412,0.009151188912195171,0.02643676796856382,0.005620415237411207,0.006100792608130113,0.00892240918939029,0.0054373118757784274,0.0297413639646343,0.036037335054373454
23,0.0052399252721144676,0.011279827271308098,0.03329826314577784,0.009086527524109303,0.056288183384931384,0.004534520948875598,0.016775127736817174,0.0068072315934994115,0.024230740064291472,0.012457108209568116,0.05032538321045152,0.016355749543396744,0.007189340458635932,0.040889373858491854,0.006542299817358697,0.004994121997983739,0.006675816140161936,0.6368480464504411,0.029737726442539532,0.020444686929245927
24,0.006517631735371463,0.02331517274654673,0.012470906352804064,0.01624996888395681,0.010775277508464215,0.023573090744687403,0.021449958926822988,0.09307704002831542,0.017298353973244345,0.015772028622663966,0.04124992101312113,0.02553566538907499,0.011916643848234994,0.04124992101312113,0.010312480253280283,0.007055907541718088,0.006703112164632184,0.5144949697607796,0.076606996167225,0.024374953325935214
25,0.00890826388336019,0.01954869018848486,0.02270170473501468,0.02270170473501468,0.0025302643273523973,0.010349306570374339,0.023458428226181834,0.014362302995621532,0.02199227646204547,0.6789184323366513,0.02596187441097379,0.024267339544326035,0.003351204032311691,0.01954869018848486,0.006397753152595047,0.00464467902475608,0.009383371290472732,0.030121895289545807,0.0281501138714182,0.02270170473501468
26,0.0060676083574734705,0.04527369312884051,0.022450671545509664,0.5673734823049986,0.02263684656442026,0.0468699766518215,0.011318423282210128,0.011318423282210128,0.050959786426965865,0.005770176575244379,0.042039857905351904,0.012011387972957687,0.002581394783661959,0.059491629389993736,0.009196218916795729,0.0044587728081433835,0.005162789567323918,0.011258409379626643,0.04904650088957722,0.014713950266873164
27,0.008333746446771758,0.016369859091873096,0.035131938887694086,0.03525815804403436,0.020834366116929397,0.01833424218289787,0.44012957003768505,0.012388001474930995,0.026962120857202745,0.10625250351320828,0.07639267576207444,0.01026328823657418,0.002326680480063181,0.02353895972909441,0.05794252789853983,0.0046771025976780276,0.006194000737465496,0.013481060428601374,0.07639267576207444,0.00879652171460688
28,0.4647835128618195,0.004121847347489204,0.004121847347489204,0.001897772257716425,0.003091385510616902,0.1666902273366933,0.003763425839011881,0.001803308214526526,0.004555726015645961,0.0008969823243240752,0.006658368792097942,0.0029341964168567206,0.0013419968108104381,0.005245987533168076,0.0036732623552497997,0.3084713987849861,0.001442646571621221,0.0011920935664790377,0.007526851678023762,0.005787162435373939
29,0.02234712316574265,0.5337343246767301,0.0034211468567897745,0.00479550880448459,0.036568019725760695,0.10136237437704486,0.0018839498874760885,0.0021100238739732192,0.00439588307077754,0.1696984665398582,0.006593824606166311,0.003516706456622033,0.0006355493596304876,0.0028513836134773235,0.0007128459033693309,0.05005455476337662,0.005665467844836162,0.002435850693123643,0.0028513836134773235,0.04436561216728319
30,0.007098609239966668,0.6157523268710142,0.01879043622344118,0.02457210890757693,0.010251540375826389,0.006308214047170775,0.02203016660679311,0.011615906029036364,0.03194374157985001,0.005653759571654868,0.03549304619983334,0.02457210890757693,0.005460468646128206,0.021295827719900007,0.004183137543922116,0.02567343485955115,0.007428777111593023,0.008406247784171053,0.017012475245345982,0.09645766652964764
31,0.06143436116981389,0.015684985211507053,0.015684985211507053,0.007583948893475936,0.007963843977670278,0.0029876162307632477,0.013532144104045301,0.011238220266892236,0.012780358320487229,0.006606029241991857,0.03632312364770054,0.016049752309449078,0.004860136262720495,0.018652414846116495,0.005308764225433156,0.04904748811573956,0.007842492605753525,0.6725285637412125,0.0215668546658222,0.0123239169518984
32,0.004110872961904709,0.010213617532866079,0.014087748321194594,0.021502352700770694,0.010751176350385345,0.008979004424497651,0.009180779804823442,0.004061945463995929,0.012380142464080097,0.003800415826182727,0.029181764379617368,0.007054279399776098,0.0030950356160200244,0.010213617532866079,0.0041059768976346046,0.00899403595035967,0.7973871231633519,0.0065894306663652116,0.019454509586411584,0.014856170956896115
33,0.005533506315237973,0.0336081565427375,0.014936958463438886,0.007332688700233635,0.01089994266250946,0.00315076467588164,0.011522796528938568,0.008580805925805318,0.014403495661173212,0.036475699296865685,0.3811994109888227,0.014403495661173212,0.005761398264469285,0.01089994266250946,0.005449971331254728,0.005930851154600735,0.008402039135684375,0.38874012339949454,0.020164893925642496,0.01260305870352656
34,0.01440954381991046,0.022478888359060315,0.031220678276472662,0.015188438080446159,0.025544191317113996,0.012772095658556996,0.14049305224412698,0.002432724510874247,0.010603249225971847,0.00591549693659482,0.5640426113180654,0.017561631530515875,0.012488271310589065,0.04014087206975057,0.006611437752664798,0.00921265916354931,0.025823815832376546,0.0061902082478113045,0.02081378551764844,0.01605634882790023
35,0.4602535615545735,0.023760083094150154,0.020660941821000135,0.001735508421548785,0.026400092326833498,0.041281600987039244,0.009900034622562563,0.013200046163416752,0.019800069245125125,0.006600023081708375,0.043200151080272996,0.019008066475320117,0.004017710708857262,0.016386264202862173,0.006252653445828986,0.018371558519183734,0.07655370278832761,0.0025372667081877396,0.15840055396100103,0.03168011079220019
36,0.00568037238120459,0.0432323969574686,0.012352113416419598,0.15303824073714717,0.01729295878298744,0.0026201452701496114,0.4217894443348757,0.020591349881866644,0.009838794614066943,0.002633352798700703,0.00960719932388191,0.012352113416419598,0.014654299371457073,0.08411089611923428,0.010056588166288663,0.0024704226832839194,0.008670042055522796,0.003458591756597487,0.1482577191494399,0.01729295878298744
37,0.019660132365943696,0.012630152148752839,0.22686200861907463,0.0635862828398285,0.015156182578503409,0.5131115239948052,0.010333760848979598,0.011367136933877557,0.01748790297519624,0.005412922349465503,0.03789045644625851,0.004620882349643409,0.00391970239099226,0.012630152148752839,0.003726930142254936,0.0038532667572466297,0.006686551137575033,0.0033432755687875164,0.025260304297505677,0.002460473106556058
38,0.006872507111968078,0.021242294709719518,0.025962804645212743,0.006296036779281193,0.018693219344553175,0.0062310731148510585,0.011398304478386082,0.018693219344553175,0.4581254205652049,0.006975081844982527,0.021050469049908694,0.002442910248579866,0.0036797675875104674,0.013634709503869533,0.3073139774891814,0.004327134107535457,0.009609979680836038,0.014161529806479676,0.018693219344553175,0.024596341242833122
39,0.005424364396188319,0.028206694860179255,0.017094966581926822,0.018804463240119508,0.02452756074798196,0.00972644650351009,0.008954506304818812,0.014845628873778556,0.028206694860179255,0.04520728740820987,0.04029527837168466,0.03318434689432854,0.5638877610534037,0.0044950601804841575,0.0044072960719030085,0.07047079042645236,0.00441590613523887,0.009402231620059754,0.03525836857522407,0.03318434689432854
40,0.027734627462814496,0.05459140975033862,0.023096365663604797,0.01668070853482569,0.020016850241790823,0.010535184337784644,0.012255214433749486,0.007118834570946878,0.03893645143537543,0.006457048465093814,0.03160555301335393,0.014297750172707733,0.0036175030557453304,0.01715730020724928,0.005132525703023289,0.020147286906532755,0.6029265183191223,0.014297750172707733,0.060050550725372485,0.013344566827860551
41,0.026203471994932805,0.01459939157874938,0.010891609590495569,0.012475843712749467,0.014929548671850494,0.005159183490234743,0.015594804640936833,0.015254927272600501,0.023661082903490366,0.00797873725815373,0.04574476028008139,0.014916769656548277,0.005120682120904633,0.019060316783367243,0.005966707862619312,0.005966707862619312,0.010241364241809266,0.6897909584419498,0.03430857021006104,0.022134561425845835
42,0.00502892776847922,0.017983131093164545,0.5419816756036401,0.009355049882138169,0.033718370799683525,0.005234788542823352,0.009586210448371579,0.011478594314785878,0.023456257947605922,0.005394939327949363,0.06743674159936704,0.1753312505589387,0.003937911918211213,0.014197208757761481,0.004422081416351937,0.005289156203871925,0.0058640644869014805,0.008052148250670693,0.03596626218632908,0.016285228892954782
43,0.008821775918511842,0.022455429610757416,0.019000748132179352,0.023524735782698245,0.030876215714791443,0.010978210031925848,0.08233657523944385,0.49546959450168687,0.02217866396881181,0.0190230885356483,0.007907832855790563,0.03528710367404737,0.007159702194734247,0.041168287619721924,0.00784157859423275,0.009148508359938206,0.0661034405405516,0.009826434805074771,0.05489105015962924,0.02600102375982437
44,0.016375485377639748,0.022838279588272066,0.028492891056411087,0.5963324123375987,0.0123707347769807,0.0075002090524644025,0.008134181771165393,0.010064326598221589,0.012489745410693061,0.014844881732376839,0.1484488173237684,0.012633941899895182,0.005498104345324756,0.028275965204527315,0.0076127598627573545,0.0047126608674212195,0.006747673514716746,0.01014295617838343,0.03298862607194854,0.013495347029433492
45,0.010119638980879102,0.020721165532276258,0.04834938624197794,0.03626203968148346,0.010328712747850098,0.010878611904445036,0.06216349659682878,0.018919325051208757,0.019779294371718246,0.43628387910573907,0.04834938624197794,0.10878611904445036,0.0076341136171544114,0.02417469312098897,0.005242704532262668,0.05726773029816507,0.014504815872593379,0.012521676950785605,0.011451170425731617,0.03626203968148346
46,0.031615686996106694,0.01884381649782958,0.01666268772812156,0.020482409236771283,0.008565371135377082,0.009614192090729376,0.010955707266179988,0.03162478375518198,0.042826855676885406,0.008888592687655463,0.04710954124457395,0.023554770622286978,0.0056758483427197534,0.023554770622286978,0.006198623847970258,0.006198623847970258,0.1613184711084215,0.4724697715848473,0.03140636082971597,0.022433114878368545
47,0.009049314849928684,0.007841211559875322,0.007841211559875322,0.011369756761819217,0.006890761673829829,0.3384848321188777,0.0080280462113137,0.00554622281064352,0.008656707916644838,0.0027070849432902903,0.1011748285439739,0.013376184425669667,0.0013434023069297354,0.005414169886580581,0.01865496000339547,0.014252690737477222,0.22819411838541506,0.18464506286021512,0.015159675682425624,0.011369756761819217
48,0.005016857137039114,0.042481869108773045,0.04602202486783748,0.03248613520082646,0.042481869108773045,0.009521798248518098,0.01972372494335892,0.03248613520082646,0.021783718708008038,0.009360411837526264,0.010129277359083186,0.0190435964970362,0.010917901724770187,0.026298299924478557,0.01475663056075741,0.013263246177370179,0.5538559818363545,0.01673528177012272,0.04602202486783748,0.027613214920702487
49,0.005069506788960453,0.008444054233375548,0.010555067791719434,0.010555067791719434,0.007450636088272542,0.006996099110157518,0.002483545362757514,0.2004934718674089,0.019259514418615547,0.0011410884099156146,0.45626773604112725,0.012151119507115688,0.0004393747921922392,0.0066663586052964855,0.005062966461298204,0.025916715584845963,0.12696337843282332,0.019239272552933177,0.011514619409148476,0.06333040675031662
50,0.9132435251128361,0.00226696424070967,0.0018891368672580581,0.0020990409636200643,0.0022063721675017922,0.0005826029072513992,0.0008458821793692799,0.0006008544943183114,0.0020240752149193477,0.00037532520541550815,0.004359546616749364,0.0017710658130544296,0.0002240083241807974,0.001531732595074101,0.0005152191456158341,0.0004762529917457289,0.0007173937470600221,0.056685830658420366,0.006297122890860194,0.001288047864039585
51,0.008423651425427801,0.013569861769778,0.02920199160814971,0.04380298741222457,0.03128784815158898,0.11878874245260171,0.012883231591830755,0.008135946174312547,0.024334993006791424,0.005919322623273589,0.07281340638577033,0.015188888683174844,0.004132357303040054,0.014600995804074856,0.003362228878913902,0.4392978906120533,0.04557155201147395,0.02305420390117082,0.06257569630317796,0.02305420390117082
52,0.005624318158133076,0.014572097046072064,0.013230072498567004,0.00822015730804065,0.006411722700271707,0.03669974564152575,0.10016871751569383,0.004452585208522019,0.003747069028272107,0.002374712111211743,0.018858007941975615,0.3220880925599875,0.0017052453990084326,0.39146395350960794,0.004332245067751155,0.023422168635028807,0.0024005463496989013,0.005828838818428824,0.029144194092144124,0.0052555104100587766
53,0.006212016041226023,0.011211931391481115,0.0218899612881298,0.012097083869755939,0.019153716127113574,0.004551378089611146,0.012424032082452045,0.0029373300411948485,0.008130108252958578,0.3545278043479207,0.4619466034857271,0.01436528709533518,0.004217331991291062,0.012424032082452045,0.003834080825400167,0.005107657633896954,0.00712237241137599,0.00413673255895773,0.015322972901690856,0.018387567482029032
54,0.6966651022007064,0.014721009627947826,0.002420708508879852,0.01976821292895851,0.01235513308059907,0.004582036109361244,0.017740703910603794,0.014721009627947826,0.03008206315276295,0.005718078119946676,0.05322211173181138,0.01572471482985336,0.0034422261319081984,0.03008206315276295,0.004551891134957552,0.002702803979218994,0.012449983827164005,0.008901057406158416,0.03144942965970672,0.018699660878744535
55,0.04256223783121363,0.0005725565302370933,0.0002998122925655077,0.014223989336972448,0.0006816149169489206,0.0006855678055554533,0.0003253162103619848,0.0004935832157216321,0.0004653111736927877,0.00014756611604048794,0.0009542608837284888,0.0005964130523303055,8.67509894298626e-05,0.8777039153854531,0.00012130434962650281,0.011599570880976136,0.001163419646569547,0.04616986120501764,0.0005964130523303055,0.0005505351252279743
56,0.05609550804671582,0.010105175190231307,0.008509621212826364,0.04377487505474207,0.00923901731678291,0.0037919886514659836,0.007185902357497819,0.39450072145193993,0.015398362194638181,0.002001619449179348,0.05389426768123364,0.01701924242565273,0.0026724430255157176,0.00923901731678291,0.0044911889734361365,0.0024497394400560743,0.004619508658391455,0.32456503994078606,0.023097543291957272,0.007349218320168223
57,0.013698365006689707,0.015410660632525918,0.018679588645485964,0.021256083631070233,0.03424591251672428,0.008146032467716828,0.012842217193771599,0.011193752255890766,0.007332404851770065,0.006926139610124009,0.12328528506020735,0.013698365006689707,0.007517395430500449,0.014676819650024686,0.619044369291495,0.0059847225757382215,0.01162422783530175,0.011007614737518514,0.02801938296822895,0.015410660632525918
58,0.043765460810873895,0.00597077168770081,0.05461488176819139,0.0074418313788734754,0.005532505601968697,0.1705565752188468,0.004075288612240236,0.00454412712515283,0.007663975599138355,0.001959871622680419,0.016046448910695926,0.023275748698772584,0.0011557956963160801,0.006418579564278372,0.002836941243879943,0.5184615341482285,0.03741800858659126,0.054295496494693174,0.017706426384216198,0.016259730846661217
59,0.013030175946832976,0.03548245548733251,0.014838967034507692,0.026626881282658697,0.054486530565378,0.008505809298627083,0.005197120011512489,0.015310456737528746,0.021872081053612494,0.007953484019495452,0.06804647438901666,0.014581387369074997,0.008505809298627083,0.018558129378822726,0.008165576926681998,0.007378533367483733,0.008058135125015131,0.0165518451216527,0.032232540500060525,0.6146176070860782
60,0.0066532601874086505,0.5608838279749677,0.020699031694160246,0.022354954229693066,0.01202605525550357,0.004170700415987512,0.016935571386131113,0.014707206730061229,0.026613040749634605,0.008341400831975024,0.04299029659556359,0.016935571386131113,0.007074352604333247,0.01643746634536255,0.07247096448562725,0.005174757923540062,0.010161342831678667,0.0072581020226276174,0.016935571386131113,0.11117652496348211
61,0.0075417159996920185,0.0745149546013987,0.016088994132676306,0.019306792959211568,0.016088994132676306,0.012376149332827928,0.00812593614144924,0.017238207999296044,0.025403674946331008,0.017085606754136888,0.04387907490729901,0.016088994132676306,0.002234582518427264,0.025403674946331008,0.007912620065250642,0.007912620065250642,0.10434424124847888,0.0733904471939062,0.02413349119901446,0.4809292267236697
62,0.0602975928551891,0.015504976685756447,0.2001289388455197,0.3806473871430703,0.038762441714391124,0.005215270823310319,0.0125040134562552,0.021534689841328395,0.016940280048041156,0.005963452571444787,0.0969061042859778,0.02768745836742223,0.0026918362301660494,0.011308562032735827,0.006056631517873611,0.0056177451759987125,0.00861387593653136,0.008247328024338536,0.03230203476199261,0.043069379682656804
63,0.3837115899273031,0.019265207150185676,0.0321086785836428,0.0037701582536875428,0.0321086785836428,0.009632603575092838,0.014270523814952352,0.02752172450026525,0.03853041430037135,0.010139582710624038,0.1284347143345712,0.024081508937732095,0.003265289347489098,0.0321086785836428,0.007554983196151245,0.013003524911167177,0.009548834605957617,0.07180569748773553,0.09632603575092838,0.04281157144485706
64,0.16402990591878946,0.018212831168079917,0.02124830302942657,0.013419980860690465,0.06942580460452168,0.007968113636034963,0.0404983860193043,0.01699864242354126,0.01593622727206993,0.14098778251380065,0.04249660605885314,0.11045014368901175,0.0030746202994453966,0.014165535352951045,0.005312075757356641,0.2515656965070611,0.03376177654807156,0.007499401069209377,0.012748981817655942,0.010199185454124753
65,0.004291583101182905,0.005722110801577208,0.004143597477004184,0.0016924553075087516,0.004291583101182905,0.0021081460847916025,0.005224535949266146,0.12026805625718348,0.0036413432373673137,0.6433404498358981,0.008365591596778507,0.003755135213535042,0.003433266480946324,0.004621704878196975,0.0011230310918983303,0.002930837239832228,0.0018615470667103136,0.16672559046925386,0.00858316620236581,0.0038762686075200434
66,0.01605188805065904,0.012812343089504448,0.01601542886188056,0.012812343089504448,0.011800842319280413,0.00915167363536032,0.007600542510722978,0.16246516936237673,0.025149407022039747,0.10140453577051177,0.024912889340703095,0.01601542886188056,0.03606486077074118,0.009541106556013952,0.05548227961350753,0.44036872730853,0.003933614106426806,0.008968640162653113,0.015859430836410726,0.013588848731292597
67,0.01123935049023344,0.014985800653644582,0.5206066445969016,0.024931187222724423,0.02345603580570457,0.005676083276032287,0.005994320261457833,0.012546251710028024,0.019981067538192777,0.1040089792971613,0.08991480392186751,0.011125280489053478,0.0016911875345805797,0.03323174760953848,0.0051379887955352865,0.02861622710821368,0.0050419516217869624,0.02341327672490211,0.0539488823531205,0.00445293298932055
68,0.0015670746171920268,0.01692440586567389,0.0060444306663121035,0.0026444384165115456,0.0042311014664184726,0.0010989873938749277,0.0020639519348382798,0.006562889633445053,0.0024177722665248416,0.03953374516065628,0.08155791600989751,0.0028207343109456482,0.0006716034073680115,0.005039803296047695,0.0029058325310545264,0.0007835373085960134,0.7936502864656837,0.005908209650342394,0.021155507332092365,0.0024177722665248416
69,0.1306094303740877,0.006758731746363777,0.003806382299976159,0.007114454469856607,0.012288603175206868,0.010740966326217963,0.004661194307837087,0.011264552910606296,0.011264552910606296,0.008889075580318316,0.13032925773955548,0.006758731746363777,0.0010240502646005724,0.007951449113369148,0.232004872646308,0.0014115896368618209,0.0048156909657397756,0.37612197689867777,0.022529105821212588,0.00965533106623397
70,0.037020208719722156,0.04211054829970785,0.03253899447140513,0.012880018644931199,0.03253899447140513,0.0096600139836984,0.020608029831889918,0.0220800319627392,0.019943254676022502,0.003563997943633878,0.025760037289862397,0.02810185886166807,0.00474792542134997,0.02289781092432213,0.005944623989968246,0.5964414816057847,0.012617161121565258,0.011664922546352784,0.0294400426169856,0.0294400426169856
71,0.06493406768324984,0.02825725220981017,0.4608491207809489,0.010444680474149343,0.013724951073336367,0.0052079299623933005,0.007713528443928749,0.019214931502670913,0.025282804608777517,0.007064313052452542,0.09607465751335456,0.17244875143162797,0.003532156526226271,0.016564596122992162,0.006320701152194381,0.005651450441962034,0.012983061826128994,0.007624972818520204,0.03202488583778485,0.004081186537491031
72,0.058650707207146525,0.020976658129921836,0.02497494462591979,0.014360593159903878,0.013676755390384647,0.06706081438285741,0.027353510780769294,0.005832167667706869,0.017950741449879844,0.005576929382486944,0.021274952829487232,0.06744444339139978,0.005861466595879135,0.017406779587762277,0.0030672424164007316,0.5529568683214632,0.042275878648934666,0.0066025715677719,0.011967160966586565,0.01472881349733731
73,0.031640847376092546,0.014863945975210622,0.02260060526863753,0.028764406705538675,0.014382203352769338,0.010910637026238807,0.0025143556391524643,0.013756890163518496,0.22124389321461527,0.008246861629017437,0.15820423688046276,0.02109389825072836,0.0025935120800075857,0.02260060526863753,0.3040141248964137,0.030409331104555397,0.009588135568512892,0.0166530775663645,0.026367372813410457,0.03955105922011568
74,0.01406952740655969,0.6095266642044722,0.04220858221967907,0.039570545830949135,0.0049088021917123035,0.006957458607639406,0.021832025286040897,0.014389289393072408,0.027527336230225477,0.008441716443935812,0.05755715757228963,0.02638036388729942,0.00494631822886864,0.039570545830949135,0.007542994994913332,0.00691542352688381,0.008793454629099808,0.018621433332211352,0.02261174047482807,0.017628619708370263
75,0.007634373750633665,0.02231586173262148,0.05802124050481587,0.03626327531550991,0.027629162145150408,0.00983410856013828,0.009209720715050137,0.011841069490778745,0.0241755168770066,0.005420335148452583,0.05802124050481587,0.025226626306441673,0.561916209334672,0.0011945692997848275,0.005408559682414368,0.04046792470626119,0.005311461202064006,0.013186645569276331,0.052746582277105325,0.0241755168770066
76,0.020231748369487736,0.052088228079783576,0.040926464919829965,0.030156342572506285,0.02122112995843035,0.016370585967931985,0.012455880627774333,0.013801711504505392,0.009576585692774229,0.0065858679181335575,0.03581065680485122,0.010417645615956716,0.0059069124626558705,0.016370585967931985,0.009392959161928187,0.03150121618523592,0.5499221325789491,0.030156342572506285,0.07162131360970242,0.01548568942912485
77,0.005354330797881951,0.024094488590468772,0.026985827221325028,0.03480716349435243,0.01927559087237502,0.012973955394867802,0.006168736886523437,0.016454772695929896,0.016087022848987057,0.0037901442726580095,0.0749606311703473,0.016866142013328145,0.0016274031585438557,0.6481281922948677,0.00328510085670416,0.005397165444265006,0.005034669257709894,0.01499212623406946,0.04497637870220838,0.018740157792586826
78,0.004905675461625927,0.0036368415684568107,0.01143623178742058,0.015894388495668002,0.011687050364461767,0.765373278255053,0.011193231334977466,0.012818055238441936,0.015283065861219233,0.0048755792931496926,0.02943405276975556,0.014449444086970912,0.004227230982890426,0.013942446048831584,0.004647482016277193,0.009818336391094857,0.006020601702904545,0.007548854842121338,0.02943405276975556,0.023374100728923534
79,0.005430558367672049,0.023643624881584464,0.3396929899932024,0.18102196588043076,0.01891489990526757,0.0020574944803886702,0.01891489990526757,0.03782979981053514,0.007066158173973726,0.005404257115790735,0.18085724839112077,0.04728724976316892,0.006101580614602442,0.008490840222558381,0.009955210476456616,0.004613390220796969,0.01891489990526757,0.006203342536971313,0.06304966635089189,0.014549923004051975
80,0.05652753356372691,0.01183564852236541,0.0006922816367623705,0.005917824261182705,0.01972608087060902,0.6998144791173744,0.007397280326478381,0.01972608087060902,0.05651287953707709,0.004552172508602082,0.05651287953707709,0.01972608087060902,0.0015994119624818122,0.007397280326478381,0.0021135086647081094,0.0006353812156980935,0.0016454031151087734,0.0010375839177293978,0.01183564852236541,0.014794560652956765
81,0.001904752165361684,0.002849026690970145,0.010539628648334652,0.004160379729605783,0.0220331291522191,0.002258491853214568,0.07902554427252587,0.062442983347287324,0.005099820313710315,0.4455184424606701,0.03346617408155267,0.006512176466943181,0.0024702254644534336,0.01976180371562747,0.0022912236192031846,0.014329090895761273,0.12163667118102803,0.002432221995769535,0.00929967233676587,0.1519685416089957
82,0.004678238119271607,0.0069004012259256215,0.01840106993580165,0.007077334590692945,0.004468645948895803,0.0047588973971900836,0.09334871022236108,0.5151657457621353,0.011040641961480994,0.26593593374779256,0.023001337419752074,0.00788617282962928,0.0010146713449296439,0.005632980592592343,0.0020131447437172125,0.0028455262787322145,0.0028751671774690083,0.003538667295346472,0.013143621382715468,0.006273092023568746
83,0.004067803947987416,0.0037456945990401364,0.16172193846828908,0.0036440888110627393,0.003371125139136123,0.4702713187443776,0.003241466479938579,0.002809270949280102,0.004111128218458686,0.08612354518678955,0.01296586591975432,0.010395916335133908,0.012685125469381808,0.1305510829557211,0.0014164391340908077,0.05511637849293414,0.012984101490545685,0.002341059124400085,0.008427812847840308,0.01000883768583779
84,0.006065685980566733,0.014268839648080426,0.013759238232077553,0.005068807422731615,0.02140325947212064,0.026212428701734816,0.011291507748439608,0.01041239649995058,0.37018838287592953,0.005205304990415423,0.18197876073765978,0.09209670318217039,0.08272824318582202,0.026572318895651953,0.058406195221533154,0.0022662274735186557,0.003706654554313734,0.028595376765528892,0.029635282346013193,0.010138386065741356
85,0.012045780542544642,0.025740220416092877,0.02345757263548167,0.015917638574076846,0.012380385557615323,0.009285289168211494,0.0065543217657963474,0.007958819287038423,0.00860944220916933,0.010352138298895211,0.28314242457702166,0.016507180743487098,0.0022739483677252635,0.42779812657556454,0.004165363365178988,0.06420089859595259,0.006963966876158619,0.01350587515376217,0.034284144621088586,0.014856462669138388
86,0.0038461887004352093,0.004561617596855917,0.008743100393973842,0.025000226552828866,0.004561617596855917,0.004561617596855917,0.013333454161508728,0.003179309234172306,0.008743100393973842,0.017402047182424576,0.006994480315179073,0.00582873359598256,0.13705910900697463,0.004561617596855917,0.628005691007061,0.10088831921370059,0.008979257416565706,0.002384481925629229,0.006994480315179073,0.004371550196986922
87,0.0033793555654799174,0.005020756840141591,0.16850603166802028,0.10587021891654536,0.008786324470247787,0.0019351002987523934,0.005168426158969285,0.007987567700225257,0.015975135400450514,0.002928774823415928,0.021965811175619465,0.0767700719963084,0.0009397138470853246,0.017572648940495574,0.0038201410740207765,0.5246749619180608,0.0038201410740207765,0.003586254885815422,0.019525165489439524,0.001767397756885579
88,0.10467955483834354,0.017170123725713783,0.021462654657142224,0.015609203387012532,0.010100072779831635,0.005920732319211647,0.039998100687950476,0.18929531202277994,0.01907791525079309,0.07499643878990715,0.03434024745142756,0.007289973882349035,0.008030851225690002,0.005723374575237927,0.003179652541798848,0.19478825160097715,0.1645180332511272,0.006132187044897779,0.05723374575237927,0.020453574215429225
89,0.030178640555197995,0.06538705453626233,0.06538705453626233,0.02615482181450493,0.02179568484542078,0.017832833055344274,0.01685472539125761,0.013528356110950827,0.003405749931387212,0.00688284784592235,0.0980805818043935,0.01868201558178924,0.0044582082638360675,0.3763576840884634,0.006353655091066071,0.01089784242271039,0.012260072725549187,0.01868201558178924,0.13077410907252465,0.05604604674536769
90,0.022024598323998258,0.030190195507905478,0.03854304706699696,0.0256953647113313,0.012333775061439022,0.015417218826798782,0.017089023061956855,0.03854304706699696,0.02055629176906504,0.008809839329599304,0.2947255155441166,0.03854304706699696,0.008565121570443767,0.02371879819507505,0.017130243140887534,0.007708609413399391,0.019271523533498473,0.014683065549332172,0.05139072942266261,0.2950609458374995
91,0.0033312620541625475,0.027264394193861043,0.01507559682250962,0.013632197096930518,0.3691786374143723,0.004461446322631806,0.007668110867023415,0.15369396488872075,0.024537954774474936,0.03854412035091392,0.016358636516316624,0.04089659129079156,0.001635863651631662,0.00681609854846526,0.003186747373308433,0.003361363667736292,0.004461446322631806,0.23522312437542395,0.02044829564539578,0.01022414782269789
92,0.007844964997719814,0.46602005407933195,0.027021546103257143,0.06948397569408979,0.015049238319158302,0.007844964997719814,0.027021546103257143,0.018014364068838096,0.04053231915488571,0.009537016271737812,0.12159695746465711,0.02316132523136326,0.004503591017209524,0.03242585532390857,0.004859570647876048,0.006428609419076671,0.005527134430211689,0.01215969574646571,0.06948397569408979,0.03148329523514604
93,0.00594604149460794,0.012104441614023303,0.017838124483823815,0.13938299542236163,0.013035552507409712,0.20394847689094733,0.007211156706226648,0.011194279855364165,0.32498885349506784,0.00587124403170909,0.03765826279918361,0.012104441614023303,0.0017744731161918978,0.044540471964689646,0.0036228007546816473,0.003940980990612238,0.015551380247885119,0.008473109129816312,0.11297478839755085,0.017838124483823815
94,0.10807176743693109,0.04096601917773959,0.07373883451993125,0.024579611506643756,0.026335298042832595,0.006370790459655195,0.02048300958886979,0.004568563110776334,0.06086820871154875,0.0052670596085665185,0.061449028766609376,0.018434708629982813,0.004496270397556784,0.024579611506643756,0.353085441294809,0.006703530410902841,0.008574283083712936,0.013167649021416298,0.09217354314991408,0.04608677157495704
95,0.011493824532900713,0.012869409056756856,0.04596217520270304,0.029248656947174663,0.01191611949699709,0.0076603625337838405,0.015320725067567686,0.005856536031211108,0.013598557755800466,0.005547159076188298,0.029248656947174663,0.3488617975106515,0.003006871274943191,0.026811268868243452,0.046915921240842526,0.021811435241059416,0.3082068230488825,0.0110943181523766,0.029248656947174663,0.015320725067567686
