site,A,C,D,E,F,G,H,I,K,L,M,N,P,Q,R,S,T,V,W,Y
1,0.007371757411767431,0.0226409384644997,0.05357114035060789,0.04061750913975605,0.008204563495940958,0.007749961580895537,0.003779936190285151,0.1487235431884493,0.007733539889203716,0.007808121993709763,0.21207639532400613,0.0082967767972329,0.001592493994432387,0.008114729687532227,0.002690338679990545,0.003219076496662783,0.19986058802675766,0.20501100743458883,0.04234285099084141,0.008594730862839694
2,0.009905077499708642,0.041152442605895394,0.06365720540149691,0.026829939973876008,0.0319176754520473,0.06915402142468156,0.057985017803864496,0.026178358278109486,0.0241261126340283,0.015920646464634806,0.0531384973313108,0.029783322035610956,0.007126881458355863,0.025320878220820662,0.3225671715270056,0.028584757625913913,0.007427688177124188,0.020810298640178065,0.07984059674533057,0.05857341070000647
3,0.008047614235338594,0.405727617528506,0.06021149477200629,0.034251146789461714,0.021928032503087436,0.008125839834705209,0.024895433060464243,0.02691810744704697,0.021321419479328595,0.007652667277789167,0.04478466268852395,0.02702957972611549,0.004294486551697163,0.04338638346315672,0.0035223777379631135,0.008959049695183265,0.011105447145082239,0.013827606518194266,0.01752422170292556,0.206486811843424
4,0.014526043652154359,0.048198204271913556,0.0511864166038415,0.07058372271627536,0.02233130697596656,0.01567612792089607,0.018228291035512764,0.23147682679636591,0.022299942705308586,0.0069982768336622385,0.07801301763467379,0.027127948856897788,0.005398409876323507,0.03318790678042719,0.004658537199353531,0.007894551289139688,0.026914911137709493,0.16187192594059444,0.12021045801477626,0.033217173758207465
5,0.01004379251472495,0.030229866897592307,0.0296385691453446,0.05151392203391702,0.03621666928405943,0.5792075455109462,0.021747156397868932,0.011018291108724947,0.02335529047064854,0.005917747283420649,0.033936684519545124,0.01845540431210354,0.005371412833405303,0.021359062935555617,0.006297953524031355,0.008590716572328874,0.008951577970417733,0.025259478407955085,0.049286314247163454,0.023602544030246416
6,0.018937306585602515,0.015532289449331212,0.015525946404254419,0.035250951206364324,0.03447935753090045,0.005598251460715018,0.010640551810039084,0.28218258356812775,0.0183706454947119,0.010733712440826233,0.048488773157637825,0.024384983920355447,0.002381938838095818,0.01902572884816366,0.0032977333480528766,0.004104379246852986,0.004792603137275851,0.3595719220834393,0.07016550678184222,0.016534834687411088
7,0.1588703187637508,0.007867597916065918,0.030930747385737003,0.03850958340235927,0.011350841836450418,0.026889087663093704,0.004160107344078267,0.007643826903446137,0.00639762548427549,0.02634390241072005,0.1465282916090092,0.029059994998154544,0.0532930190116891,0.1157078039555691,0.0013864395425763258,0.11466311283357,0.019567156509363994,0.003390709011758724,0.03919814109536447,0.15824169232296742
8,0.011325131388955618,0.020402215000616376,0.08824628626528061,0.07586504447026901,0.03105683665314244,0.010525351931942897,0.017047148975882723,0.007800361306863279,0.018635930146220062,0.0052938002684195734,0.051266019271580685,0.4090474699523847,0.004510388584489882,0.029683748427786847,0.004534278582027444,0.0104226164399743,0.030852218034767565,0.010157199303054702,0.14210693593809123,0.02122101905824996
9,0.05282829127072574,0.04684945375423751,0.08147135021903694,0.03313731611105724,0.021830266568665376,0.050334696533305794,0.01551712765445487,0.009975497774139653,0.03205023239126588,0.0059557471343374465,0.0854417393087411,0.02021680625080716,0.005340516141045963,0.0445645618862248,0.3778171713281392,0.005436590122457378,0.010546299492937334,0.015398404833550556,0.06672371193292961,0.01856421929194052
10,0.007018955036578382,0.020182101747588443,0.6875828049470266,0.02829164389593274,0.012336795039143781,0.010048751695811176,0.013342046651212856,0.012405850690853325,0.011445339097046385,0.005232873612158428,0.05061705411342265,0.02749944205450134,0.003182422450594546,0.011695792234330402,0.003958774163405948,0.004144098358352979,0.005248796032578401,0.009569602642088865,0.048419521279776466,0.027777334257596365
11,0.010054252379407737,0.02080410063084013,0.024837034600760474,0.04346034110732572,0.40921131876120126,0.007645911356171355,0.02731181215727396,0.01779095121013231,0.029374432892378233,0.0065105756279646805,0.16915017746525937,0.017005324124867167,0.005293704664983043,0.0192558946374119,0.006101392412454312,0.01829680756356692,0.007483802274837797,0.01141350469409506,0.12503909029842508,0.023959571140643537
12,0.019553291921922896,0.049784878013231816,0.026893936334953735,0.02385931530249726,0.022000479530154275,0.011892062368480774,0.02268802234049607,0.10581879446139282,0.018096124733223223,0.0015839641354797797,0.052576145062893063,0.016130524052153476,0.005260421017937679,0.03217677134171034,0.005907642403936951,0.005996036998111952,0.006659337305529165,0.449534855295091,0.07664658883045232,0.04694080855035138
13,0.007367161467765314,0.038204663260492176,0.022221016921522334,0.4224756102167496,0.025869572790004645,0.022278906060929908,0.016482923120365565,0.01704839858369706,0.011859868542542484,0.0074200711344177255,0.14437825089463674,0.0321208977368098,0.004445122765729946,0.03494294673430119,0.00497039966746299,0.006936201518500179,0.011572168070241794,0.015123568855003202,0.10856024270980513,0.045722008949022154
14,0.011110023463409486,0.05107716165678104,0.008743391191124899,0.028507684025348232,0.03999597631386659,0.3750937755525162,0.010569091576422636,0.027958408398650443,0.09400588195116999,0.007066318545427117,0.10889328468987138,0.02010641910485848,0.0036488512796914213,0.059147586867011624,0.004070215702007373,0.009113335356421498,0.012857894160882876,0.06927978403674605,0.03790041879064064,0.020854497337152045
15,0.013979803576798731,0.04333063185247493,0.01711739616279714,0.019170809233559787,0.10208629002895929,0.009244059419432448,0.026508099782033074,0.083684689757144,0.01576705728107565,0.008674072543780558,0.3851119292164523,0.03133731371112528,0.006899216602405593,0.017324568106579015,0.004911078327801563,0.008038946456117541,0.04839460614249348,0.0377959189294224,0.09033540661412276,0.03028810625542449
16,0.025446730971127495,0.018963909532253274,0.0236201077411039,0.014042329576090909,0.014715579058355502,0.007580914398888921,0.027134619427796613,0.009050094660187549,0.021222528288712208,0.01884241223014257,0.05523835324609533,0.04143873435540913,0.0026736071380084633,0.015521780179116542,0.00910532838367263,0.47539495520737424,0.16855106380605434,0.0079356621186149,0.02209499319905508,0.021426296481940364
17,0.005802206181454545,0.03178183668077435,0.027614482769194242,0.01561049459920619,0.01360605907262557,0.6013980612646942,0.01713597977759297,0.012033856881785567,0.023892756069011666,0.005528448934733044,0.07266713077025003,0.019299030843580138,0.004873701226561546,0.030898693270395516,0.005162088478342122,0.006134942673756067,0.007999772363803687,0.013155603711671546,0.05733405523029861,0.028070799200268396
18,0.4530149483702847,0.01635564051407157,0.015191136758967461,0.009903100865986775,0.014335492437213429,0.30011845764378603,0.015245358853985971,0.011130967119541488,0.014219434670451083,0.005721699081586282,0.039826306628068985,0.016982605467065905,0.005052017698146049,0.01399319395356043,0.0037393649726381755,0.005228463220659999,0.007891293086944636,0.01269585312197957,0.02168474819840175,0.017669917336659586
19,0.03221247708020962,0.02588022646428892,0.032263032290838205,0.03809215832730772,0.03295074562107057,0.016044895223964305,0.015872223620614065,0.05723022853885391,0.044042719771398786,0.006734349316938336,0.06720382700763396,0.022737127244116168,0.0037090893631913945,0.043269403057772333,0.008699428641282524,0.006451146531672231,0.4615180751517865,0.012367756663367053,0.052895940899662264,0.01982514918403113
20,0.009377726548875186,0.07413254363303874,0.02222360312907345,0.01811774166572708,0.02544315761070595,0.005964466193292861,0.030229930935287995,0.019910555186872642,0.026651639832060366,0.005171202822089554,0.04331295590713119,0.027924868784522716,0.005652863964655451,0.028179848712821715,0.00926544877589817,0.007399064593088512,0.011695956830161188,0.009630914297238379,0.5983457109769015,0.021369799600557383
21,0.013367249694522252,0.018134658825291028,0.015678024510168812,0.01471392200338395,0.02589413567857767,0.0047762276766519654,0.009185224439053199,0.2000590370035435,0.028007805022160902,0.1540711765410223,0.08412446329090988,0.027054377933351755,0.002208945829062639,0.01478354433100239,0.0036172715624668205,0.006169851772653516,0.00848229994232719,0.3263556120509887,0.02885305025249849,0.014463121640363103
22,0.010548709863856922,0.03606639049189396,0.5472759053073614,0.06310974430341822,0.022562070962655795,0.006243835865540295,0.015132402194030867,0.011005418557860485,0.020892878893538497,0.00961029839784876,0.07980673815871342,0.011117331993950338,0.013221962415517376,0.03397909231391367,0.009064571355164305,0.010007404620914066,0.012705605724715645,0.009862407839753085,0.030862451482500827,0.04692477925685208
23,0.015789357760237124,0.016124582159794322,0.019051911060785742,0.016171403385779982,0.06256114248213054,0.006223602853286386,0.038593870735509093,0.15482167719131085,0.026070282679173433,0.011889099127014016,0.05450409153019851,0.025238253827973504,0.0068400801587462185,0.05825180179404015,0.006439822027154747,0.005480874948988306,0.022785374118448137,0.39524686634302003,0.035663641005035114,0.022252264811373757
24,0.012018031923829806,0.058996271175372636,0.0164901401034429,0.0313643303091528,0.023301097584990584,0.012085053539984864,0.06252811853938933,0.0968515416960342,0.05650985080691447,0.015938853567335397,0.06281080781097066,0.03148587327031326,0.02449962454448251,0.06228936369257898,0.012147987881882049,0.010182377248344528,0.01453717411507759,0.28056679658095035,0.0794775286494541,0.03591917695949893
25,0.01192588022495944,0.024759761180497077,0.031036968463346946,0.03647797984840597,0.01902658643808629,0.009728383710421687,0.05198961847765797,0.040449259326423674,0.04097375640759238,0.49349057312606737,0.04230285994466162,0.046209815970889315,0.004005896227170658,0.026010936166771005,0.005876688670064312,0.0042567187207143645,0.014536633662034958,0.021149094603766738,0.03457473178358634,0.0412178570468819
26,0.008867895109012192,0.042395794482612915,0.019379191871906332,0.4532496670855887,0.027863856260335586,0.01846964631658331,0.011468906181938575,0.019429386838530075,0.03863016823967852,0.007814694076750056,0.10801201464306638,0.01283754713002536,0.0033899184556088237,0.04235261995918265,0.013088888260505093,0.007092459989839957,0.008462830183993362,0.02955378424180317,0.09206918551812268,0.03557154515491625
27,0.07168251342574002,0.010153392318690195,0.017431260188230806,0.029956163284898692,0.022438756378171353,0.035355545612010694,0.13244579614639204,0.11996868851365142,0.02300065241416272,0.03736395326825592,0.07355651630804304,0.03100569694055817,0.016413691729246515,0.010118572097741337,0.01657295931929387,0.04455942084619213,0.1377198907047296,0.10296432466381002,0.05027979700960839,0.017012408830573107
28,0.19101430469146402,0.014333956900518295,0.04845849328334912,0.015001902229607187,0.00990059821451091,0.3225438949609528,0.012972326572844747,0.007711528864756134,0.017492924484649598,0.004278584081587415,0.029052237178881037,0.022257154314006152,0.00406908078584461,0.029656599237832735,0.006626578099666379,0.10812895617278977,0.03312371654336392,0.08082161415866092,0.029252184153948233,0.013303365070766087
29,0.0717653277841357,0.137766958777293,0.0009142027940273735,0.005999087722232084,0.05528063349888783,0.02978727214495826,0.0008567767127486305,0.0013992907033261225,0.002340051398719778,0.2462316763662867,0.10499217961167363,0.033827377804063155,0.000292617225001157,0.03927214089952857,0.00028785060902755585,0.11346346505023797,0.10859857898455536,0.01118053530805323,0.019938382658016736,0.015805593947227133
30,0.009637496950970343,0.48006773897280575,0.050914804058497076,0.0338010070700318,0.054453576497829025,0.00867241329158209,0.04992471639448399,0.015669703423836914,0.025985166629655287,0.006033638466948109,0.07096243020446215,0.03584119380043405,0.00724824654494433,0.03390990393792511,0.005791938339649282,0.017979668115368348,0.012034568542520064,0.01748214511123087,0.02560984337331712,0.037979800273508176
31,0.03686387287593372,0.02041780120422027,0.014138961077372156,0.016877145331262628,0.037461143790388084,0.006429977656913906,0.016504603659770925,0.027942549089363198,0.02345786467344065,0.01893027867040749,0.061295449668103616,0.0247624842345806,0.005209672946248757,0.028532691821989944,0.005962642608760836,0.028417955385219178,0.10633376383755928,0.47592958324033025,0.030728831699787913,0.013802726528346645
32,0.011369266639235856,0.01290825354632436,0.014010097482675536,0.03072625436234714,0.01980475489820862,0.01121080585192868,0.009811062822399044,0.005736075826730548,0.02252356956747838,0.005069700163223854,0.039328708523412303,0.010772468688800317,0.004054949567778053,0.015312464581169609,0.0055438688878285455,0.1115758909916258,0.5966163842841701,0.00857388514410237,0.0474951225602301,0.01755641561033081
33,0.01099819089093744,0.03940078039625021,0.0362269248685203,0.015298735621259383,0.019333432988451627,0.00914450919292534,0.03167232088539477,0.07628251129355097,0.022380809682554747,0.08737589495023801,0.1110727259966116,0.042520254332492916,0.009929835821634345,0.018380870794035407,0.007440859663705947,0.009647992114594337,0.013956480477922353,0.38770348805229976,0.026263251825276064,0.024970130151344465
34,0.013433190149838029,0.03182562877191826,0.03528333579797183,0.019245585048577298,0.041777982150988255,0.010208626991438041,0.11255927760304194,0.026669451324569247,0.01729087921986799,0.04781339940831227,0.3462808206234273,0.019960612361797407,0.015845107831541708,0.021498025165554404,0.008702025339326663,0.019069797814031147,0.08099189427243192,0.004839026993207499,0.04573411847181769,0.08097121466034103
35,0.20630415276268238,0.043442909907135493,0.023239407554289195,0.006872965552124408,0.03518864358929746,0.1262216246166284,0.009069656982843264,0.01642149523847776,0.03128697114734377,0.005072416214123072,0.03665272817452736,0.021288530161495338,0.005265793636601517,0.01652445561152992,0.005033863152351302,0.2678087550625146,0.016151741612875616,0.0021329349998972457,0.09002838435468052,0.03599256966858137
36,0.02061536948392533,0.035036888712531064,0.014102426745829223,0.07407289342021577,0.036799019994105675,0.009120800699042125,0.07961297346985104,0.05166487562413612,0.056987602215005685,0.007548323477250702,0.058637841613230615,0.02991784027700464,0.016061902778205944,0.06918107415757366,0.03751364971508585,0.06426686716257088,0.1858053978037569,0.01124116946587089,0.04426546647211137,0.09754761671269661
37,0.10528941394617788,0.016374891094022844,0.09021431441870162,0.06394226780093343,0.011211757191617657,0.16875993335869202,0.1914897141620328,0.008129814103642474,0.034341884622569686,0.013415410641945244,0.11726523207830684,0.05241108820911442,0.002706609725420767,0.010074723224111685,0.028346248020472444,0.03292051348946259,0.01327466360139928,0.004004823012581134,0.020605268141766112,0.015221429157029112
38,0.020936769478319937,0.05383954604771477,0.04606700513093135,0.009381614082414344,0.034297160623366754,0.009862140966288064,0.024618259102582973,0.016115028289628474,0.37850532581812546,0.01995511945163454,0.052410230897657666,0.046678150475222856,0.00424882854233779,0.01895227137405715,0.13447349114294926,0.005116877019219164,0.008432746635407067,0.02431067558254852,0.05584057760031807,0.03595818173927579
39,0.00615554603093759,0.03529852844494401,0.025876487989472615,0.02959929827678201,0.028538960631027132,0.02100540877469472,0.012163141921870827,0.03003947044520906,0.05697908802195882,0.012807362084286561,0.07570044854225404,0.03676891580949291,0.37838184747295667,0.01452913101989647,0.005980677844441305,0.0515975110801476,0.008257830157450324,0.024722466914897604,0.06530312169727664,0.08029475684000316
40,0.019060325874257066,0.05462851173704052,0.06192335452649754,0.027559087314363927,0.035953898154557726,0.01598895141816758,0.016000632378287694,0.007815038116219473,0.02222583038629326,0.008454183202599386,0.07257009465423687,0.04244292017476843,0.003950203888585475,0.022517107963033616,0.007742218655396205,0.0412977431906595,0.40321867371778086,0.01477323302749781,0.10003865797380075,0.021839333645956336
41,0.008935120394729965,0.012337901566311125,0.010564932760172773,0.012729723504405498,0.14734349319939075,0.00402726571190407,0.010200213634423588,0.17537738195169528,0.013954823097910365,0.13443643884999731,0.07646806143468181,0.012922208901561674,0.003684662995905583,0.013650693966465413,0.00594149562383009,0.004902968716373253,0.008593908164756161,0.3115787711589198,0.015848320175687894,0.01650161419087762
42,0.0058035501361960225,0.023075725760203936,0.40862605309893446,0.022565057663948472,0.019417339332595523,0.006465410706951133,0.01002297851808773,0.016920856398612023,0.0623641541408237,0.006324651879433994,0.17606114141391416,0.07661828208802254,0.004582362088454572,0.01607904472069891,0.007381813841129197,0.006392986782641366,0.009702676818809656,0.012506530102329144,0.061141431249070045,0.047947953259143486
43,0.00746538454425275,0.025705215097484024,0.07691249522569148,0.031988765273411664,0.02602678073424631,0.013338194958381578,0.10455064584685758,0.24602101723451625,0.028942289967990222,0.11460460001977237,0.06275732300759511,0.02573125413811034,0.004826669837004762,0.06513186086458637,0.005840831470459643,0.007036429041720108,0.025273517513054265,0.05169752120381644,0.05214758091711781,0.024001623103930957
44,0.012538477727334853,0.024695626243262225,0.036426511327338595,0.43651394095872803,0.024334739926081827,0.011223697820169465,0.012906163566824108,0.010678076277246868,0.016130728841186777,0.017868056701569917,0.18783569193725294,0.011805133799934298,0.0074501550310353505,0.02859629896963439,0.008215568868382971,0.0061999291617791715,0.008471304445934736,0.011158954400284974,0.11019857491202398,0.016752369083994544
45,0.015750869031765903,0.030229901304487442,0.12228639986142768,0.031280121552994464,0.017268925141205184,0.01348973983903094,0.04356333811018788,0.03834422710812516,0.019829792356836958,0.2965151827224543,0.0728824533812051,0.08999726119562525,0.007026929165174667,0.017181492811018283,0.006198261225774411,0.020250547434132776,0.016341822246570117,0.019065032452260964,0.0422042389277699,0.08029346413195261
46,0.06177685864358108,0.024962705794616426,0.06528892733553215,0.029481211274322437,0.02099026367757317,0.013422320204430908,0.011005482722722186,0.01804948974325052,0.042711644498893434,0.004967778697486744,0.08349845538355524,0.03411243844047596,0.0033525658561609794,0.039828561359782556,0.008463638479104502,0.015595853247843404,0.19008216656080457,0.221261142819138,0.0587182271767326,0.05243026808399306
47,0.1873082585162312,0.00391673993886313,0.159413527544578,0.005810614828486424,0.010664011033838046,0.08797775672733964,0.07429718358449822,0.011181062438518788,0.058627553584570564,0.01835819551947569,0.07853432354939491,0.004485327206475526,0.0007007780149645477,0.012975259327124957,0.046772216340385954,0.113385057860156,0.0679334870509297,0.031179691799598706,0.008960521863392608,0.01751843327117746
48,0.08607077162558877,0.02737187501140032,0.024392081939445472,0.025203785677668834,0.03524973940497702,0.0075678165611545705,0.008852331020876658,0.14948990493561687,0.01850386153391725,0.015228208205937673,0.07638148662340942,0.02391848799742258,0.005438124092145284,0.01829745385570385,0.006036087459170979,0.04778474676417911,0.24727073325792806,0.06356768280386911,0.08948401678849664,0.023890804441091575
49,0.007067496288582148,0.009067191858023427,0.0662247770969688,0.00908027603873376,0.007587263277604568,0.003440519320373163,0.009042978429707374,0.08279724987834694,0.11445201600074319,0.003254947279092329,0.07511489950886206,0.005395558601619224,0.00038133404016428037,0.1046149289421223,0.10169176076161023,0.07440274390142167,0.04784235695021062,0.24273310414441734,0.005714730895577644,0.030093866785818994
50,0.16171595542150377,0.03511966132345944,0.019386361601634643,0.030234606766816323,0.07301784984918572,0.008195247616498985,0.016358437011241136,0.009957572172819043,0.02370319601226668,0.007403650870368682,0.07424002466904667,0.018859202460429526,0.0025148957189432062,0.01594033559099289,0.006554350874127056,0.005860955980888095,0.01036982727838154,0.39244888742475925,0.0695547975227208,0.018564183833916465
51,0.023013609465426684,0.027814628453387658,0.03932302031317244,0.04485735810068913,0.046493166163960035,0.025160739726030196,0.036899927284803395,0.0161431984644689,0.03498313955791737,0.00817628010781052,0.03664842748418378,0.01458993847674869,0.003800657742929512,0.0140656832119101,0.005826309325949301,0.32198810151490276,0.10214093492632166,0.01588835007999718,0.13923021211982417,0.04295631747956657
52,0.006506779779040776,0.014533909916118302,0.02545566208818518,0.018395971019243593,0.011731137949742981,0.1645820799526361,0.16799701268984474,0.005639361388625035,0.009631437862747588,0.003294634287916984,0.046666498915246706,0.27263552281860165,0.00242437543972667,0.06993062699265905,0.005892215914448847,0.02176262453962965,0.003423006430874877,0.007849937806499327,0.10649236120601478,0.03515484300219703
53,0.009740185994484623,0.03413428889014887,0.111034473849292,0.01648011753498019,0.020342090640415627,0.005177869657067646,0.019011601248817508,0.014475050903112957,0.012356629008336364,0.3266596828634301,0.33164483737010997,0.013097775629479485,0.0036286841620295955,0.01142875425770544,0.005302802429668961,0.005356893382967252,0.007932004636558517,0.017138191205466367,0.015383933131941821,0.019674133203986668
54,0.5230690278757828,0.030000175789050548,0.02307821191628268,0.02115606447759838,0.018007131594027056,0.0069979576000173465,0.03270068234680394,0.023089861367136505,0.028442314671895442,0.005843356763405337,0.1254941322133823,0.024910753327535607,0.004353993912063865,0.04184025009380732,0.0075418818270092045,0.005685711215707873,0.009898674357029178,0.008665759695738006,0.04009535837587646,0.019128700579850163
55,0.03203038004266743,0.08665942566573039,0.04756660542095021,0.1398514293609823,0.00960742071778811,0.0029131361650319132,0.01846149533818919,0.024318682891678437,0.03648051610975617,0.02550271154054046,0.04737282301668557,0.024506761076193064,0.008107082329840152,0.18425336718421223,0.008390374037331247,0.04962468814813313,0.1537198701915721,0.05811531992532364,0.01841140959717732,0.02410650124021685
56,0.039649206141215844,0.019855964408970517,0.015750579691589207,0.0327359219670963,0.015715686120009197,0.007369065600416643,0.014303894227077668,0.2912240658222944,0.021510465731544196,0.006225094472303562,0.11156846552804246,0.019880133775825086,0.004268491452617625,0.017816389342490267,0.00793562503982508,0.0045733584835274555,0.006897937431047154,0.3026408120707694,0.04841654500412769,0.011662297689210125
57,0.026887142271845053,0.028787313876477334,0.029985801424205625,0.028692033446890475,0.028340832740680895,0.04781696399122876,0.013911737474692638,0.04147333200790354,0.04475350388285921,0.007183815623603417,0.12720876072961243,0.018784020269198513,0.0068636542130132245,0.03095438332106379,0.39535208795554855,0.006129269587199587,0.0084904979363339,0.016589896665070054,0.05685556505186282,0.03493938753071021
58,0.08779920356925686,0.011415466670202054,0.030042874241743872,0.027938881213938876,0.012027392737659246,0.035757881764177636,0.06100026490575678,0.009997880938052714,0.012956206069170162,0.0039350021841514145,0.02728276300232797,0.040587547448015106,0.0022257549157282687,0.06110215013724596,0.005319160900601726,0.44286735957810336,0.04801736145863824,0.023242561575956482,0.025270773184464492,0.031213513504808835
59,0.015188930856178914,0.024717456818301065,0.027941307856152266,0.039323822672113075,0.1388837163906868,0.01120922507612558,0.005197786558322842,0.018187494150021948,0.03583765821997777,0.010785933704955309,0.05600509191773741,0.020735052544101386,0.007202629262007658,0.03572226364177594,0.00917710352812903,0.009219033081556449,0.013852316867651027,0.018548339277708326,0.06951095734468392,0.43275388023181327
60,0.010883534335038603,0.4058633229124587,0.04733543888992693,0.035324916233174866,0.04939779630931808,0.006532754198097018,0.04689482283433074,0.030816336364530888,0.05790971721299219,0.009527303176315954,0.08053475701252044,0.05061270626928742,0.00831595945280133,0.02263407516502627,0.03919434758465994,0.005207777267823994,0.01572183267797376,0.010042847773077986,0.028001028030823556,0.039248726299821304
61,0.0061873659374654805,0.03867443987733265,0.021726189990876284,0.016609006280983246,0.07181545565705558,0.015484169754789648,0.004942946585199336,0.037488518298315544,0.05584685196223153,0.1174577434466781,0.14472844814977112,0.04698951676493457,0.0020657190725014442,0.027661034715698342,0.006376503584504052,0.005039195851705813,0.05314861113127626,0.03546036864354005,0.06712965478909912,0.22516825950604183
62,0.030032596657440885,0.03309010096103768,0.16970229655597738,0.16486070753685464,0.11296668763719696,0.006176522354122296,0.12474244698821732,0.048649808618147224,0.019026984493089125,0.05482789497029465,0.05920896588540987,0.035720350543147976,0.0017674430948085658,0.01941538562061673,0.0032833008393567975,0.023861478404761556,0.01067034322942812,0.035605748993367346,0.021029005786724786,0.025361930830000202
63,0.1800194224537279,0.050259587614797034,0.01939479615578652,0.009604487739849074,0.05260047271240871,0.010250380223204698,0.013507393132163216,0.05574027260484431,0.04278996101309988,0.043167510794457145,0.10793989719653214,0.015947932328896703,0.002101303929217382,0.019915467395872296,0.0057017872539324044,0.04482723007282478,0.0033241593233884355,0.17434661229270182,0.09593009230399821,0.05263123345829744
64,0.037172006819417125,0.015221356192265107,0.018858061255723233,0.03582818132227746,0.05177097899230819,0.02979752924983905,0.04711197846067493,0.023779068778446582,0.04367113414386715,0.0482219576078714,0.030771806919937694,0.10839111474688039,0.0017224270501045205,0.022022632294224413,0.10964301618459274,0.10062501991382242,0.04791271997146272,0.05758184327604854,0.011145028297519491,0.15875213852271686
65,0.01864111404035818,0.03763130493185705,0.043779190159732535,0.014032475442437893,0.026523788985324374,0.006609889406789373,0.027399551536765154,0.239158076554574,0.012722018666381714,0.18238526584505982,0.1068316899776126,0.018586540463971228,0.015798487404863615,0.04550431881505059,0.0037651461602783423,0.005435238040337892,0.011172720417204273,0.12427543763313066,0.03583462199255748,0.02391312352571321
66,0.09169587285685217,0.012825668690526626,0.018361043817370967,0.024553642355607593,0.015452000485429032,0.01148804430965805,0.010840557206126136,0.032283734957059426,0.044162141964846136,0.038602522379490925,0.02266250221253097,0.019990760044208935,0.012194476435987502,0.21417494192598513,0.0269908257903057,0.16053216951986235,0.04144722990019883,0.043774196852889115,0.12009459679232401,0.037873071502740434
67,0.04154868439281388,0.016595517164654735,0.27064445024558476,0.10151862107655475,0.02446539550440992,0.013311460831197783,0.03444360933416445,0.012581355711952699,0.05739484016715919,0.021997514342742375,0.12505582640101695,0.0731839013720957,0.00199576438670045,0.018631902668078553,0.005668143484473599,0.04132377539871774,0.004556805228851899,0.013937086020773964,0.09084384483255693,0.03030150143549969
68,0.013202588054027627,0.1489275091715903,0.01407418793991835,0.00944250557864346,0.013669986620362647,0.003653569540003975,0.005102612308103743,0.1327119712553314,0.009874499819528133,0.027879396879602496,0.10285626316980911,0.004771012653983124,0.0016584778398548948,0.02482849238905053,0.0035493915476486546,0.023360896072358618,0.2678088422596984,0.10419202722643237,0.0809876054822202,0.007448164191831976
69,0.07106522031490706,0.07414566968373759,0.009325403407775528,0.014356734171522117,0.013552583018064899,0.009409216082579778,0.014347777454969417,0.17279676698474725,0.015184787263689492,0.043167655516983365,0.05356818876744165,0.030787784163032572,0.00107870072870883,0.14032239666515622,0.03877906514867628,0.04585945087636394,0.03514981614690076,0.17693439638324046,0.025134916575703485,0.015033470645799239
70,0.01905787441846993,0.03620612019095888,0.043458747295616475,0.017371614858611637,0.04186981905604068,0.013299888417275649,0.029092414504300192,0.021034665539717612,0.02303024559054232,0.009678622563196695,0.029859354961813352,0.057600377645759156,0.005339841900756805,0.020158682784949786,0.005766925191667063,0.40894078267890954,0.09170523492962315,0.04955837929659638,0.03852408817419383,0.03844632000100073
71,0.030968943551302607,0.03043379526051317,0.26830968701908825,0.123957057828132,0.0216032344679497,0.006080569664120901,0.013590966436470361,0.0277262231489177,0.03029457494045792,0.02932902010621864,0.13196665195059137,0.09206365587353448,0.005248492061526963,0.03321915159010129,0.0062149030224877885,0.01495400355724455,0.013211988308416467,0.009483313691617102,0.07324620250302243,0.0380975650182863
72,0.07048692309671481,0.014295482377290262,0.03795199513803349,0.025152701773135937,0.0245417745966646,0.04794770504535715,0.06542982989304756,0.014905486228400613,0.05568733168099106,0.009904277566723784,0.03407154407830158,0.0380835598895004,0.008013793173934067,0.032451129759078615,0.006982600961979509,0.4298090452520111,0.017480213835704465,0.00890356497177452,0.03252472012874207,0.025376320552614396
73,0.062168013793962404,0.010194798430076852,0.06936291830786574,0.05085158043515011,0.048296747823195645,0.016427526196328722,0.012219038974795716,0.021922969287254745,0.13292150572225778,0.00958551081119866,0.11446123526342848,0.03257431628826145,0.0029754016495011594,0.021283935806300874,0.1897180920882409,0.03412519016896803,0.011757594195206214,0.015983714013328265,0.09966395137783683,0.04350595936684136
74,0.042258749837426265,0.3535152960350329,0.04471309348479315,0.06518383468518457,0.03756553977987019,0.011905504474780783,0.013073181576095869,0.04143784137349964,0.0348911211145362,0.008385643264502037,0.08019853539154742,0.03498933162697039,0.02169221087152375,0.023403217631738756,0.007828771053558264,0.009886527733015902,0.0186044807796302,0.023105037332179227,0.10960515368593723,0.017756928268177156
75,0.009404919629447006,0.044245900378823956,0.06348340055157696,0.04021097313399289,0.037435742469207,0.01481654331209572,0.011569167872399925,0.012118240542209039,0.019170337462191826,0.028124391380339325,0.1143788648645452,0.021922090767211345,0.38209966328556033,0.01623045650874848,0.007251064185643288,0.024101970417009393,0.009386323544682664,0.029960413719060507,0.06360195549786754,0.05048758047738744
76,0.08289318955847329,0.08876049231242364,0.07703100730385956,0.07306476445530537,0.017679673369554384,0.012815320452270549,0.011836359093089324,0.008063940885114213,0.010798931649675715,0.006876748312477482,0.03697936429279368,0.016699057468842232,0.003913854500963219,0.019792967005577488,0.007438054646859502,0.12013701093119188,0.2703389671126221,0.036828068579035304,0.081607480853129,0.016444747216742033
77,0.03555600575750718,0.02618701069248037,0.01658167429499937,0.049232693898658905,0.043197417144121716,0.019861249963876084,0.007150951764264224,0.03870604947888146,0.023078027810260148,0.003974755634727394,0.13887563923455626,0.0358758355590656,0.0018179013370349824,0.4312011282239266,0.011233755726119997,0.010187090869125396,0.007243873643269367,0.02163535970504257,0.05618745148367212,0.022216127778410318
78,0.006212700639158999,0.023254564607884193,0.029867502156577182,0.02328932126870465,0.034138519735482244,0.5614762430041396,0.016138770964639705,0.01528996286581859,0.02321896906563197,0.0074729175977879345,0.057935806054487435,0.020071888233075968,0.00678911339296095,0.02030278572511801,0.007068455956791217,0.010720017179258707,0.007971392675656446,0.012702512463944809,0.07987018666639663,0.03620836974648468
79,0.08327759643778752,0.06534498234186793,0.1558865039574297,0.12416233584170379,0.04236959878731915,0.005009207990193497,0.027065708068633586,0.08256601146241367,0.016422622937523963,0.0105118009839844,0.12401611793783653,0.03530650076406164,0.015858116826729846,0.027582922353721985,0.01742698484313661,0.01285128216508215,0.028884885685902112,0.010787009035207611,0.09405045472250255,0.02061935685696174
80,0.1105602546097599,0.02867249980044311,0.03747548898830187,0.0381193906061596,0.06605777917656368,0.11278752385164627,0.03509825461698367,0.07423010990560464,0.06811586761652771,0.023856317380721952,0.08126168326136692,0.060431740203690874,0.02060594753443259,0.036431557092141124,0.013270560864472692,0.01267010323703438,0.024626502933920682,0.016903959039159745,0.07930626111023129,0.059518198170837325
81,0.02198941730065785,0.008885302757458911,0.05792922254810049,0.03762430939817028,0.12098453490483564,0.028723407757521302,0.10680740642359533,0.055920357821165896,0.028525266069817472,0.08534579970423113,0.06359153105476191,0.045601330380466425,0.007367191153468301,0.02828032845306086,0.00969029991473337,0.015096065657084748,0.08299400581006357,0.017966708961142993,0.027585888129637113,0.14909162580002636
82,0.009290619400527554,0.03406617582393435,0.07286877773777849,0.029331311495114087,0.023774971015814956,0.011618944496562799,0.04214356752796356,0.20632652893162487,0.030572016349839654,0.27864979431609305,0.114436714517991,0.023304438103963702,0.0028298221544606583,0.00939186157896009,0.003292366146838654,0.011155097084647403,0.008349050773480181,0.021385419483220973,0.05144794011750815,0.015764582943675748
83,0.12457525618500136,0.009275978567846354,0.13766121241502796,0.16189677922466733,0.015912499994204726,0.09540636605268948,0.03260882834015954,0.02101730468136384,0.00963492688511818,0.033919497414131125,0.045614566538912056,0.027781258104256332,0.06411229041783077,0.03577426705434622,0.005350226582151657,0.03966030353509874,0.030467950403560318,0.027655655813983483,0.0405785777420962,0.041096254047554404
84,0.06334920931605326,0.06103149892665098,0.00643166450211046,0.003140700572203141,0.024735881265145115,0.026201426253285753,0.04632216023511056,0.03168076820209699,0.11282977189594871,0.007861483261391095,0.03465073341681229,0.03543915617174349,0.02668948141638475,0.0791058115117987,0.0957157974678231,0.062038110151729504,0.197618849167426,0.06159024545252312,0.011271864904735177,0.012295385909027784
85,0.009318035748896178,0.03806176019113935,0.017831278668311138,0.01895144080301641,0.019729651993891345,0.010738159688512152,0.012517686654283476,0.27405578588562307,0.00825624487143689,0.048358121941310554,0.2149290220792802,0.010382430104744687,0.0013570375162149024,0.14358519708589562,0.0053804707810143565,0.022183718298539705,0.014428054676490106,0.08222289629245992,0.037678374963348325,0.010034631755591687
86,0.26326721418502647,0.00958831115897156,0.02286034884995955,0.1308926509808784,0.005986180730970862,0.11187866182733537,0.006077932755324796,0.05738727360717103,0.005937558085603892,0.026960388989848434,0.020522334140898053,0.008501168016594705,0.02436958203600572,0.09050562788253634,0.09230871706159482,0.07009874092778652,0.023917864647529114,0.007538636216068673,0.011979199205445063,0.009421608694450695
87,0.011228414308593422,0.020486164061791514,0.21866681895644566,0.11746272832695934,0.030771183190276063,0.028200630074924533,0.026112124297407592,0.018097655941938937,0.044276858550736896,0.005622499875987403,0.11907070924622143,0.08414352077032881,0.0019690099416007365,0.05995574182546961,0.006712356115218042,0.10727381081598686,0.009299402189618994,0.0069092690283634895,0.05901500320407431,0.024726099278056336
88,0.022217294519757003,0.013779976611200173,0.007963112019344442,0.03249223290799773,0.010706667870198009,0.005719199037327226,0.08019564345241965,0.05009840564954036,0.14322286184961203,0.021510396625925497,0.03728245413586637,0.11411957697792532,0.06225258046507103,0.04581345268076801,0.04184634550767299,0.06756029216508691,0.06179615471101881,0.07095583388580988,0.04166049508517374,0.0688070238422849
89,0.20501530129623455,0.06574140882935539,0.07536107772424454,0.07198264369261911,0.03252550549146358,0.007011991703433384,0.03114978134840567,0.005883178109698481,0.017395718280929895,0.021749288579363528,0.063804359302488,0.043804662103324885,0.0031622585155136945,0.13640743691987256,0.009536061906671143,0.027921689686385857,0.029725863154149327,0.020681112381778714,0.09664169619464506,0.03449896477942264
90,0.02368896709963953,0.024879078750064124,0.03386405512607965,0.028723961580710052,0.026147136911610268,0.02008350410669915,0.0246557060658729,0.045760144087720736,0.04059547778624591,0.020509435003507343,0.1995147227688295,0.04660545818165751,0.011272079557025022,0.02767982365447751,0.03688408411597124,0.019827201991780858,0.022679346435026334,0.04511342429890842,0.07956384104786275,0.22195255143031117
91,0.08711309113035082,0.037283979659902815,0.00973432027203532,0.01320415187009763,0.06959723439047641,0.005944341511506539,0.015018703945612511,0.17720407052037154,0.03720208597765386,0.061207829775882586,0.028632275015352013,0.0260273914556221,0.014676407959017581,0.007873731434068432,0.0030351234445007017,0.009120062435770711,0.20102446066332982,0.14139489427278124,0.04231748120605429,0.012388363059613121
92,0.017772515343690936,0.27554977132229413,0.039123644127195364,0.0755821941290757,0.033446519840793346,0.007748063727730456,0.03321119772897056,0.05549848890559556,0.044314626639012346,0.007694288944199089,0.1210572501232764,0.030753293933335618,0.006399714110355588,0.06582014871402864,0.016242069313251846,0.01192531805594552,0.014913692414803578,0.019858474757333766,0.09552561856738717,0.027563109301724335
93,0.03297916844043528,0.06267270991626477,0.061806088003466444,0.03548814150691117,0.028699373262618004,0.045808292742945476,0.01936183932132499,0.008818258912510337,0.23947696522015813,0.005186575831746615,0.12284619455479308,0.014776825673048692,0.0019691341136215896,0.07290669488721545,0.011213259951032535,0.03448521447220157,0.016479825871231733,0.010612899772316348,0.14674781077196428,0.027664726774193505
94,0.05963203265099056,0.045298879130236745,0.051696589252000394,0.06490752574945981,0.036931291272580144,0.04749245374635613,0.041389213187976094,0.018308066376291565,0.04186615683564697,0.021119167274634216,0.041947269410531875,0.041397676841383846,0.017619009947542553,0.028363830186329878,0.13034010672884067,0.10287263656820889,0.03917173288583555,0.051103597113702694,0.07123678599166636,0.047305978849785164
95,0.140492501817918,0.0411373735009939,0.02391493928928271,0.036248448448265844,0.012883545952549032,0.008677201285301297,0.02031466047342665,0.007577705017267665,0.022027627501281642,0.023651138665470143,0.22641523013926576,0.05873947169444558,0.002251169921063888,0.03691164780070076,0.03635231825382088,0.07484614065712812,0.148600114050582,0.022910922458090517,0.031512675583803156,0.024535167489342542
96,0.00709145130845107,0.013098351830646634,0.02011193553343438,0.026772584292733437,0.08526260504404906,0.00837500436242866,0.019955422001272094,0.014368155858721535,0.01836149040716739,0.2197953279864269,0.08445680458666278,0.015373002580079785,0.0073439345166398376,0.021517542370813988,0.006338626375478357,0.0037322117748548812,0.006524954381121592,0.05868082147881947,0.0610152753080447,0.3018244980021535
