site,A,C,D,E,F,G,H,I,K,L,M,N,P,Q,R,S,T,V,W,Y
1,0.005069979463996521,0.012660137963734733,0.06154028094403737,0.03230587255338541,0.00805444640444422,0.007082342061079991,0.0035479359260983936,0.16927028135700192,0.004698639852708865,0.0059252261494202275,0.22165574298554827,0.007883620499034613,0.001460994055083455,0.006138377908730959,0.0026267535721047866,0.002031417208579858,0.2074353143643616,0.19509485107242647,0.03867328464751255,0.0068445010107099375
2,0.009178805444256304,0.01991370507975551,0.05327054133912893,0.024282469934778398,0.03387219073159325,0.07050084599279507,0.04453421566349972,0.028368589893798896,0.014660865555424998,0.012093072931059518,0.04527663836287096,0.02772543175956994,0.006474415620666885,0.023086633148900682,0.3936692390250576,0.026411303590981077,0.007476183309555064,0.017910714673747146,0.09368575718357272,0.04760838075898725
3,0.005603367735823771,0.44613930138461455,0.05527591415890222,0.022236026696174825,0.012608988818990571,0.0067532854586219,0.020874543543093847,0.02215933970933344,0.011863139206747617,0.006646877792548797,0.020326938824571355,0.02560261873389406,0.003149287568162714,0.04314618742854286,0.0026816832083700042,0.007511696350516144,0.01109885111595527,0.008326567040732664,0.012192720947090474,0.25580266427731285
4,0.015902398373961395,0.03300057594575528,0.06401195472125609,0.059404161475125464,0.017641045508459817,0.013797262305868512,0.013225542599086162,0.28113439106174065,0.019229544509243367,0.007937303393975624,0.07497618245990231,0.02782575762213819,0.005630988655856052,0.01776213247061999,0.004171865208569605,0.007885963364202875,0.01461811931690318,0.16079573059328725,0.13615523333716792,0.02489384707688032
5,0.008153118372392998,0.02136557148841648,0.024698047856015835,0.05010388651028312,0.03684841310173685,0.6424192587117931,0.01501716030932614,0.008362731422646283,0.023772935585731715,0.004326373263672077,0.027877193027065716,0.015719560422641592,0.004261776065363946,0.017783305362901663,0.005636030995412866,0.007717245108577431,0.0057079165755818,0.01618031328767905,0.048963751870439866,0.015085410662321563
6,0.018015188569297146,0.011468759064203065,0.011845003136732913,0.02790405307334995,0.020910293539214933,0.0045548496233200585,0.009097122501499104,0.319229386982481,0.011613728719253206,0.007967439204202117,0.02571177212879115,0.013780001152971202,0.002017479557429902,0.018272345484593368,0.0028623003209706952,0.0028464990275906283,0.0039441107425614574,0.39310654515215615,0.08453764420430912,0.010315477815072771
7,0.16197966131024982,0.006954725104765995,0.0378863772116131,0.04461321586931452,0.01019488379923179,0.0246931948437114,0.0028206440749313226,0.005218979480237112,0.004624582858715543,0.030030686267661783,0.03184199065965737,0.0397988128972738,0.056439892094203116,0.1256562165466043,0.0014402451371720482,0.1263396278315331,0.024455618284817453,0.0025609869321927417,0.044752471218838207,0.21769718757727546
8,0.010448411842561267,0.01637762288917933,0.08744845025232476,0.05956308635337513,0.02171532824300166,0.008282942244080901,0.008220182649428826,0.006306054412465273,0.02000067219925905,0.0037669608763590138,0.045625932379608186,0.4663155550307181,0.003938832115848091,0.025707601695650874,0.00405570605363213,0.005285384183180545,0.029290762263933727,0.008392533463555236,0.14847043430854373,0.020787546543294025
9,0.05693224846071208,0.03854511799239703,0.07165975536333358,0.036381244521973076,0.022466830780004506,0.033248798220112376,0.017689356007941793,0.00779345296805487,0.02343695372727565,0.005820835481419247,0.06467109996228497,0.021508953796892404,0.005282570463703778,0.05187367801782775,0.4513784573539027,0.004780400613767337,0.010652789715413526,0.014159564448782127,0.04127702057565306,0.020440871528548184
10,0.005944506901034038,0.01331056103014501,0.7373961460185049,0.027583688102619235,0.008382417250215879,0.007887545708603404,0.013010085944011946,0.010678975541065075,0.009217048403193056,0.003957106314916833,0.0498815129946122,0.02896292710884731,0.0028643873340562856,0.009755675169519687,0.0031418280545501553,0.0031742034221601927,0.0038461664035646464,0.009220235863647858,0.025005785950663308,0.02677919648406903
11,0.009716234867363312,0.018284359058202384,0.021208068241617258,0.04703120939904058,0.461306643556204,0.007217303042451381,0.021422809648093937,0.02033278948555558,0.013356737895959408,0.004935734015607001,0.12947063871732095,0.0165839431421435,0.0042644869901330585,0.019633925473180026,0.005828981921522263,0.010909732454690737,0.0063756870363407105,0.013244816370984758,0.14252231016399391,0.026353588519595343
12,0.02342679686858464,0.04079088322669967,0.020270860852243416,0.021767374694319618,0.02238987920629374,0.009435691425047774,0.019338280114104232,0.13093912366601984,0.013870062041365996,0.0013505943572321665,0.06554634263025277,0.01625556567803703,0.0050745292026135765,0.027324369991596292,0.005393841278469733,0.005701439110812095,0.0059729648690787385,0.5072650206769789,0.0371006798912646,0.020785700218985233
13,0.007132315123992932,0.029338989470178704,0.0023220480940218556,0.49174629016766647,0.018964128490123872,0.027499818355058936,0.01530983844479425,0.014202239241228177,0.008075063309942102,0.007224321806306935,0.1412802487615526,0.026863844455342567,0.00418424608163785,0.03537074587275574,0.0044920842088613825,0.006639076037151398,0.00964088912858037,0.017287140871259845,0.10444028110698136,0.02798639097256267
14,0.013037057809866543,0.013429703830007416,0.009664515107607755,0.027684614108757048,0.03304399902149528,0.43039546985814103,0.010576318842489166,0.022106899475483787,0.0980499965401018,0.005700051837662938,0.12246166849041133,0.019172479040559274,0.0033132814641206854,0.06781215657611198,0.003580222003803943,0.010681505260651168,0.011807563254793155,0.048775598078436365,0.030445388120288026,0.018261511279211252
15,0.01190062720845967,0.05252357816625212,0.013959325751876524,0.013130018488635329,0.11121641840434812,0.007365482122032597,0.015775284976042532,0.09562418918661705,0.012033527849253165,0.00879553239768325,0.37680598532024245,0.025570243172762,0.003724930163188066,0.011860346449879633,0.0027704698458386433,0.004541758058210825,0.0640245017801476,0.039228350381978215,0.09920487100580846,0.029944559270743843
16,0.02139964861489221,0.016245150678039187,0.018640824523736617,0.010090967000727993,0.008318724609353715,0.0060150840899737615,0.02854222302793013,0.006656134578958662,0.01793792019245592,0.009597022072498594,0.055210806759785534,0.04213777879922861,0.0028986499440760453,0.012621332995608792,0.008885463461750476,0.5023082507408247,0.19662146734338806,0.006253093575016105,0.014961826768150915,0.014657630223603984
17,0.004746598451313458,0.02535392578856782,0.032603439206688414,0.011554505963354117,0.01119616559030141,0.672838589663492,0.014483726313485948,0.009919629300984462,0.01807780766977593,0.005068785735472857,0.062179863163371915,0.01508429607224189,0.004738281665241431,0.0343990366157211,0.0039012279026537007,0.004053942763499118,0.006893378806121465,0.011894116050798416,0.022042054495553236,0.02897062878136138
18,0.5852584714934418,0.015464157850299148,0.01050055932085885,0.008103976993811086,0.007122862600716304,0.253737298150757,0.011170711845335288,0.005611724225497316,0.009640682343779797,0.004113313057738595,0.01674939929413082,0.011282688259154565,0.0035411681934842927,0.011157711656632997,0.002676217498034113,0.0032299282236409946,0.004395859927088415,0.011954146453864426,0.014514198695375045,0.009774923916359141
19,0.041444687652601744,0.02239277923695739,0.0349399810657686,0.030364783946558827,0.022995744177315425,0.011226618916027558,0.015048479494228984,0.07307719929677728,0.044629056909982465,0.005067183874935312,0.05689673305633908,0.018771448872616066,0.0031249592404174148,0.026698408695450683,0.007385871563586839,0.00569564496097165,0.49459137839240297,0.008927133541393273,0.06069766608646924,0.016024241019199182
20,0.008837633042776153,0.03218861528077251,0.01823538211341782,0.016400686628708513,0.019161302614955612,0.006598295294990101,0.033682104679371654,0.018002218963947787,0.025176172485749417,0.0037506188004913046,0.0274698095033885,0.023835725496488862,0.005477908422130316,0.029199084649336293,0.01135060527799979,0.005902019933223459,0.008713361145582186,0.008609640290254588,0.6772801631983502,0.02012865217806495
21,0.003583686321789468,0.014209617088271407,0.00783127201601735,0.00908108778255148,0.014591114265244499,0.0036223033434341577,0.005880022371859782,0.27723700262707457,0.0232648482784006,0.17157004823536998,0.0762443521944853,0.019199850365476695,0.0017478324393022542,0.008063717796744248,0.003241602612753749,0.005892380945892745,0.00822545610706384,0.31366455347984373,0.025121684973939896,0.0077275667544842745
22,0.010458064960715965,0.03381553843565722,0.611906329968536,0.0423621687849533,0.022265664429708162,0.00568626332380393,0.013056827139320704,0.008459349065489712,0.01768407399631818,0.00895709623506825,0.05754656151887649,0.008849892593883609,0.013195385210198095,0.03823237634781925,0.007949949154596282,0.00972562492255032,0.012052717399230726,0.009971664544654223,0.028684051280693058,0.039140400687926555
23,0.019862284033891606,0.00981224533167237,0.019357564104500267,0.013160604124384212,0.04399999992833435,0.0051914752234155,0.028791852894020652,0.14202265025545788,0.023875265210152985,0.014535174809552465,0.05941615861598287,0.03118033006146375,0.006705687282295522,0.06386975042136664,0.004736379672780124,0.004925142339058568,0.02393185516921022,0.43943148299934176,0.02784698764295141,0.017347109880166814
24,0.009092592855189603,0.06891359896200086,0.011064941177368379,0.021320898029646145,0.018124096540780607,0.009715339820742993,0.04540018500733163,0.13213682860881443,0.060075560513398706,0.014201746269266985,0.045795949987545485,0.013807470128544169,0.015256632488547573,0.05111780675573585,0.010883366774002774,0.008888600042827766,0.01612914446471395,0.34940866317823255,0.07577784344253388,0.022888734952775665
25,0.010441976366021736,0.020817460052848992,0.01781500743895756,0.01968338157338307,0.01572229669306708,0.00947948945769796,0.0600644677805358,0.0418281390655616,0.032521772549274915,0.5588608315983316,0.024557054500636628,0.0507241249801168,0.003347013078728358,0.021394863892701538,0.0057596663286936245,0.0038312987390050506,0.013880336977853241,0.021264994779548886,0.029211840374252868,0.03879398377278277
26,0.0073418666674453835,0.037948590817389806,0.020200688502071833,0.5288730465178899,0.026752331251567903,0.016042797483898325,0.012685263330962416,0.021808617568561832,0.0477842614925739,0.006224261493045159,0.0700460919500161,0.011970549812960522,0.0033809202868491524,0.04335726655086678,0.011423009653927212,0.006737271005107087,0.007524733309945653,0.027277162266532547,0.07175349672984585,0.020867773308542677
27,0.04044595066677775,0.00909451770022118,0.01829252554710311,0.020666806026872285,0.01966618472384664,0.0323436322462117,0.16141362972961798,0.1559256746742864,0.018518368260369473,0.0422696177083199,0.07586254876225498,0.025930470718100885,0.011219402713744466,0.010176845966564244,0.014883508805529156,0.036221893565515036,0.11590382160662674,0.12829771151459415,0.046407811406740954,0.016459077656703045
28,0.25442128659420926,0.011085202956040995,0.02123568708925515,0.013521254214804036,0.00771689043649512,0.3717384080380932,0.01270847816486705,0.0066190785326388935,0.017811243449107207,0.0035854484841635185,0.027282255802901917,0.01796370268615883,0.0032908188632197514,0.01770988804163113,0.007016718923515651,0.10777084040576948,0.0381491940294156,0.028543673126450248,0.021138506850963648,0.01069142331029935
29,0.08407368393586168,0.16626673925409446,0.0009847933926468405,0.007717173244952985,0.034243872281553664,0.03799628295243498,0.0009417055171787137,0.0016194122027459782,0.0023238243228127205,0.2834312400193009,0.006850046966431579,0.04660575142368985,0.0003365403898154307,0.03561020375158662,0.0003280879017104858,0.10311225543604415,0.137060374903192,0.006706958071862205,0.022086181234791676,0.021704872797293124
30,0.008916222816500088,0.5716015309669684,0.05441028301608446,0.03691344690970093,0.02968072482425398,0.007577168796117825,0.021608612393777347,0.014169417450001687,0.024904238851901534,0.0054567224764710594,0.04565219034026727,0.025455116606984747,0.00723188607399044,0.03539764166003183,0.005662611609061533,0.022925824677338738,0.010445120209935625,0.01709939910691355,0.025817500879442967,0.029074340334255926
31,0.040646935929951236,0.017626628410353083,0.013065539159979203,0.01623698854550277,0.03223631219908585,0.006478866956379711,0.011475373906113397,0.023918215879154037,0.01641497542019598,0.019768418926499297,0.02963543285424213,0.015524512773693488,0.0034958885066829434,0.024630660443776924,0.0051181643861130804,0.03713435212675929,0.13776818313062866,0.5125837377055487,0.023763649088821857,0.012477163650518482
32,0.012456135656957978,0.012034418187909166,0.011679643961677384,0.028318201662939312,0.015723036496862818,0.008253555673221804,0.009708233683375558,0.005055139003810172,0.013050455846066362,0.004300691553091478,0.03653190604980531,0.009210372853818547,0.0034152234737979633,0.011777492942530577,0.004808930348067459,0.08931010950862278,0.659715534888922,0.008009497541076604,0.04065177933284969,0.01598964133459703
33,0.010828722474316965,0.030525048430492197,0.03391575506847798,0.014207732442929532,0.020447293009660604,0.008260675240024003,0.02997022350040212,0.029474408391586375,0.019414958089262028,0.10876883265101941,0.14680316475871008,0.02686855692258113,0.009103120390729073,0.01590940523595774,0.006578540631839729,0.007451672120336773,0.011515594391403908,0.43206669082567484,0.015097972019406675,0.022791633405188833
34,0.012837820972959383,0.029258097828510587,0.03753163276735966,0.017988003406442254,0.04895350733243943,0.009255032337130794,0.11786999201880607,0.015183311783281039,0.015621339589402566,0.05576465644535687,0.4110674575678857,0.020058712850613624,0.013537210063988595,0.020606511311618305,0.008679309670232121,0.009114060139476283,0.08099760780334833,0.004591214504108062,0.042256067874215895,0.028828453732824416
35,0.22446987154079992,0.0465808149395356,0.01403081535176102,0.0025965761228718136,0.012914874109436786,0.1551436509382499,0.008491246832326271,0.007173150908736557,0.036182898665662246,0.003728023580751051,0.026305138025986885,0.018868824210221596,0.004241363219750034,0.014415819363441601,0.00324247458003248,0.27353906214854495,0.021106145234780334,0.001885975374320653,0.10803858587457822,0.01704468897821203
36,0.026237886198053145,0.02054522584063233,0.012051069334364251,0.09635419750447197,0.032015716450981134,0.004349724180877833,0.09604274421806158,0.049669259861927606,0.07177986903627805,0.004161940320186478,0.07135362889754288,0.019425207835358532,0.01897723940124344,0.06830640929980764,0.034298757323661805,0.08332065988468776,0.22955348639886472,0.009550670804284032,0.039310087049092966,0.012696220159621982
37,0.1102811588253595,0.008126526599286818,0.08693186291227756,0.022791734673172078,0.010381896630186096,0.21301086758352178,0.2345842339264602,0.0058795050610224425,0.009241957971180593,0.014789105191287047,0.12533464440921263,0.05442326938906822,0.0016719365700358104,0.01128485971955914,0.036625395577484496,0.018126260146486294,0.00565342888577341,0.0029288214222615645,0.017198670679922343,0.010733863826442069
38,0.021559654912073654,0.05246950072743165,0.048650935743502245,0.009096019544794208,0.030454435721007367,0.007809479236765608,0.01553221995003957,0.01565388474773155,0.42621904224617435,0.021227175484153354,0.04774684940143724,0.03696715912648876,0.0038686403511053223,0.01619809488033217,0.13875623193534964,0.004120619998534356,0.00948734496676132,0.025234210025033392,0.038767963830346766,0.030180537170937504
39,0.005093952248047881,0.03258333741678225,0.02709679869210241,0.027624651002876855,0.03579733803959377,0.0194883156790602,0.01107165767287287,0.02432277886446154,0.05046641169562967,0.013978327207492777,0.08634249814210779,0.030227671548928005,0.4307429428784616,0.011587356058045388,0.005069163006704048,0.05599226029565353,0.0044999260674456615,0.024703554246970995,0.04153878199048255,0.06177227724628036
40,0.019548084094153505,0.0459254389192761,0.0702416506788206,0.031766507236290834,0.029520138817534368,0.013649507263575986,0.01435803685665551,0.006950350130841243,0.017197675760602747,0.008153918882978214,0.07527838227432508,0.014968413476878472,0.0035171266910026837,0.01740048086303119,0.008019066938131094,0.041043536647401194,0.46888316067477137,0.013848935862486585,0.08567780916471673,0.014051778766526529
41,0.008290352281976965,0.009030384404913893,0.00790895679388376,0.00935092084538626,0.16404568012082738,0.0027829709562141518,0.01022862627635306,0.19485653040720222,0.010788810871159207,0.14331477823495956,0.03797925679007301,0.0076636619164239025,0.0028114241766548876,0.009917593964551975,0.0036724277426602365,0.0037288581164187165,0.008962721169455217,0.33530395160407545,0.01573200137146734,0.01363009195534288
42,0.006028453817278769,0.020821302778548614,0.4697161250219256,0.014442595874224116,0.020827893458323716,0.006042465360901627,0.008707719766138055,0.01579613524835022,0.055217493292915955,0.0061874517146785265,0.1863016439374178,0.06530703211370778,0.0040706061693357425,0.014700679381253582,0.008313830097675171,0.006416463765015754,0.00957926199405558,0.011063356292153293,0.04238438509176057,0.028075104824339496
43,0.006262611273140364,0.01355610682753203,0.09703223005168019,0.0372166938632759,0.026645621642610307,0.009377121178025742,0.11287341079822122,0.27954371002003875,0.02685021448066795,0.11839639512467252,0.07733869960050824,0.022016395052051874,0.0037559484146239158,0.02964999709707002,0.005621255515373196,0.006449609341925476,0.02225547712679506,0.034855360676794206,0.0538627021834752,0.016440439731517837
44,0.01363283849329364,0.018632315981222752,0.018032356775109948,0.48685102563350985,0.0146629433542995,0.007926682863857046,0.009974852568689708,0.008844018888776431,0.01716347604806822,0.0135012328424583,0.19480231537928364,0.011625819883535343,0.006662258093892715,0.02526149506344679,0.007933856463974548,0.005189943082610663,0.007596421463141434,0.01068637084103392,0.11124895344057047,0.009770822839225137
45,0.013662723513229313,0.03258347044366763,0.11311088844633274,0.02463088337239869,0.016242035452943632,0.013672831940543204,0.04862235035142528,0.037266405168560134,0.01841659986969465,0.3239600276144796,0.08911855575327968,0.07589887622571016,0.005859310756824661,0.014020297177657843,0.004927260477299267,0.01692710278573929,0.014753795600798406,0.021543096212090156,0.04989019192635132,0.06489329691097434
46,0.07767025697009802,0.01596725449382948,0.06804622318256519,0.033857191862783645,0.017671075149076062,0.01618863511842722,0.010253612779446357,0.0169575729956744,0.051041573781046866,0.00465386474315074,0.07295768444267352,0.014632948932208664,0.00313644430532165,0.05022033616985452,0.009253458318087915,0.018614858092917165,0.19098030765025859,0.24992298330458854,0.046588525049639215,0.031385192658352136
47,0.23057368821522065,0.002898115416963466,0.15023446262896625,0.004137464036110491,0.0048688502811673326,0.1031539252931986,0.04603352414067642,0.014069134545011203,0.01032966341809558,0.024089000610182272,0.10715818700923437,0.004279713951934884,0.000535886508157974,0.011520230761055994,0.042708595507366824,0.10593764452356176,0.07392673602156263,0.03798993532777252,0.00647784054078378,0.019077401262976974
48,0.09155367623503703,0.020230199070354886,0.027275852543541042,0.023848837583339524,0.03261827154931219,0.007248878657094261,0.009238370133211077,0.06866863210820359,0.01217899225262746,0.0148178878531352,0.08982733441568103,0.02645533165412899,0.006089438237653463,0.02128405660015559,0.007017817742761352,0.05078467439836502,0.3015129703200839,0.057038262693208594,0.10998866491192039,0.022321851040185442
49,0.0069778370192807495,0.00826157530679067,0.08620971903940752,0.00496902364838709,0.0037333876073705726,0.002965758392162734,0.00995415707996944,0.11144347114802008,0.027126650836776373,0.0041406155266053655,0.10338047031241941,0.004449063098338998,0.00019746330942966434,0.009519721147813654,0.11558717516714945,0.09322853035351927,0.053583836278667474,0.32082451807161616,0.004705840910364942,0.028741185745910447
50,0.2184794880201987,0.02416322827943379,0.01772969434031023,0.02411504214372465,0.04343762166516858,0.00680816623915861,0.0090994710569022,0.00981309819609922,0.014805482086317424,0.007809347628037333,0.07924578996208213,0.01764234701583186,0.0020769964979464226,0.013240628651976064,0.004699790204046164,0.004559722814852684,0.009389351996610734,0.40106326529962644,0.07503816333047046,0.016783304571206182
51,0.021457976947801872,0.029077441250669585,0.029690734988278344,0.04951431378830425,0.02215963948726144,0.03191147557448942,0.045016904422394484,0.014663054904564803,0.019723442629025773,0.00863216106341381,0.033194145775169506,0.01656064333723415,0.0035485645315335226,0.012683400975412257,0.00579025720460543,0.36452022520077626,0.08680253255992512,0.014940157220608685,0.1476360848854588,0.042476843253072515
52,0.007393449059403834,0.011586925899375378,0.026455468299825757,0.01822100773836304,0.011394300841616963,0.12105546703386261,0.15618066879994955,0.006003521646402684,0.004618591331419011,0.003003012850454093,0.03113640781831197,0.3091829747146019,0.0023976581608185885,0.09214800354095463,0.005885709977060796,0.027240225226703642,0.0030046616697463223,0.007262277233277785,0.12011875294108638,0.03571091521676501
53,0.008041725698423364,0.0360670010233926,0.138822041674038,0.012653465639567877,0.01609808020611284,0.0036942999721275792,0.017690308771707047,0.01707396569640654,0.007711041281775447,0.2828939708804984,0.3669494246909208,0.013927794992266495,0.0031894341017984834,0.008949331646849999,0.004856637233710767,0.0044496975306664525,0.006396737834760526,0.02002801484849172,0.01388132655296904,0.016625699723516053
54,0.5906495474671145,0.02401011732819613,0.0071842218077947505,0.018295232089297522,0.016019959101012955,0.005903311485349665,0.027337096047175345,0.0249290194271508,0.02876970802480201,0.005342426856486381,0.10211842292308135,0.026217644060160937,0.003533723612369936,0.04433732172552838,0.006361526982926552,0.004602163021797247,0.010467516150665742,0.009461436102377629,0.029395169945505277,0.015064435841207039
55,0.03770384500108447,0.11466452194676875,0.035436609589967735,0.14347340081261512,0.006220764474150159,0.002548273149760526,0.010393640231871197,0.006802431079761417,0.045494955147551044,0.033160489006637886,0.014598333422058032,0.022312954248070817,0.009168991746902814,0.2299875916211361,0.003917593276988337,0.021115233144574634,0.17326577071293014,0.05485879584543144,0.009614765357812211,0.02526104018392708
56,0.02912431220004179,0.015529734290328992,0.008562863720539032,0.030329536583670914,0.0102651311719308,0.007031794139177599,0.010597082233155256,0.29882513311473324,0.016509361263655993,0.004737964458718146,0.14594983757287872,0.01408151375761654,0.0038494245343873032,0.00987783869064243,0.007424629336964495,0.0038794743545980887,0.004927964272089235,0.3172396723740503,0.04960694242439186,0.01164978950642916
57,0.02818417082794692,0.016969214566976715,0.02404183875445322,0.027473216451812287,0.025310084322054494,0.04093200083378498,0.013810859927678738,0.046360714717600636,0.04497430559062746,0.007285204896102687,0.10390211895844,0.015016880953257292,0.005761159081325185,0.032373855994474905,0.4562401725936067,0.004905399302997811,0.007040693374766762,0.013582993419391698,0.041547562522299325,0.044287552910402164
58,0.10965072497035344,0.007878531314999562,0.03165036065463797,0.019678579447635486,0.00949369651171289,0.04462195477004181,0.07159246313349568,0.009058903748842589,0.006993816291411772,0.002548961268860502,0.024166095724630417,0.0434078994708915,0.0019765301922973675,0.031388462036908385,0.004062969931387833,0.46851958824834605,0.049001406033869134,0.029015845215843918,0.02215418602955735,0.013139025004276331
59,0.010925854415056141,0.01938486313237345,0.024428760348151383,0.034999778754056465,0.1591855023587224,0.011534775019312023,0.004248861134536947,0.02012920411715439,0.03455912859189889,0.011289648263054687,0.04166471106377169,0.014045043384351901,0.006976755697597069,0.03378123672968703,0.00671509587767753,0.007183489300792085,0.013205631318853772,0.015448585198165629,0.03528988824870578,0.49500318704608076
60,0.01001897285609881,0.45751007364190655,0.04021850159913783,0.02265682654517246,0.033327530676657016,0.005569461560704726,0.05122333084457522,0.034959043437852035,0.035580736982093686,0.008883420752902734,0.07814484283923032,0.044295283717216034,0.00831204479392335,0.015067604346361207,0.04843364517415138,0.004204549803711629,0.012851767150725618,0.008357922460046779,0.033267269440009024,0.04711717137752368
61,0.006723803102439177,0.04094496689438146,0.019138797545355895,0.014254880991782806,0.07223544190551186,0.015264929418541675,0.005213880925169435,0.041868646587059195,0.06929869192977897,0.05997993737041657,0.12296215784608751,0.018165328179709422,0.002249504009477774,0.031557578608975276,0.0058054072571025175,0.004949731680096807,0.07009908889861621,0.04570780924955841,0.07835045255768285,0.2752289650422562
62,0.03250177667666852,0.03517093621491811,0.1436748064349747,0.20730238367939693,0.06932635005958979,0.005766728775951182,0.14853025463162722,0.04465858725821353,0.021169390553514335,0.05330790815121993,0.059441407432381244,0.03646444963128622,0.002083617055206346,0.01821985922061324,0.0033655825311916824,0.03223586429192943,0.01083996193280277,0.02747255544330952,0.021833695143305056,0.026633884881900306
63,0.22615643376845546,0.0445436451371447,0.01940615024553608,0.007071782184380699,0.04782088427380105,0.01331364346892191,0.013160555774749732,0.0522166041232109,0.03623826297391339,0.03461473758866887,0.12529607855157385,0.016139640923187253,0.0023539899929627454,0.019932222591377467,0.005567941719847024,0.027560816647018753,0.003822957178734079,0.14843735183644444,0.10848235170202636,0.047863949318045274
64,0.045924801480237594,0.01744039373930308,0.01936028373388742,0.048166580281163926,0.05927253591021921,0.01835910828152972,0.06400113058758243,0.02200798036279195,0.03617214344125665,0.05587024231500547,0.02786513765210872,0.12734913685031782,0.0019853273191460406,0.02445680191430311,0.13102534484729628,0.12479468568392874,0.029810529019763676,0.026811759997520522,0.010663031898640898,0.10866304468399682
65,0.018069006886412647,0.039888350829183836,0.053325789965618084,0.010423484334083794,0.03001318504300172,0.006495634264707925,0.02238761909137456,0.24366047146541306,0.012152593101413912,0.2296676498028969,0.047127957775102036,0.008979810264926094,0.01653547718560657,0.05077959907559472,0.0026593885733171424,0.003642271856341199,0.005367901569229489,0.13494970449712126,0.03605429815777527,0.027819806260879765
66,0.11746118297873556,0.009663411912099292,0.010967939329958343,0.013276552321670312,0.013176674113274254,0.012713733870823234,0.011165547064684323,0.03846695137336089,0.05824098650149988,0.04477975921716025,0.009863805935075215,0.02109179738445987,0.014030385460940112,0.2954265102083851,0.024732283694347833,0.16722239454925783,0.01810541458742869,0.05669999016205322,0.018743353891717066,0.04417132544306882
67,0.04641691906485059,0.01546272491076652,0.29836489012422274,0.09114156112786534,0.017703368619639483,0.01365641888250611,0.04384507698864731,0.012350210272881463,0.0659084765395913,0.02700113840121815,0.09485058675168836,0.08088370699823413,0.0013831392499389253,0.013080725371210217,0.004721272176698955,0.052150067575845505,0.0035516320504013223,0.01359690482625749,0.09008711918576377,0.013844060881772336
68,0.013126325187366497,0.1998675135254696,0.013578867372208408,0.009700963370846269,0.006335989319817446,0.0027991745226317627,0.0037532833369962578,0.13490055522339434,0.0036104311209242393,0.01965937897769171,0.11296713909249947,0.003902444651163365,0.00135968309203477,0.007013387033687609,0.004128984074924968,0.023609377386267262,0.25001062116843314,0.10109479361145698,0.08238526110246609,0.006195826829719842
69,0.0702732738527779,0.07884547543718491,0.00226490121711538,0.01716076390505256,0.00784174247502615,0.010904842275619471,0.015386315019651955,0.17322515629026233,0.007502116230234039,0.047203097412940896,0.04722781741347048,0.03818892935454023,0.0007880323915848639,0.18477809725393934,0.051311352922171836,0.015017720616475088,0.020744068393007627,0.17679188550488953,0.023114199843816845,0.011430212190238502
70,0.017655433928905024,0.031443860773550554,0.028442041077540104,0.018373947597482558,0.022284938295055175,0.012529966227256589,0.031360104994351226,0.02005188126635902,0.017167231762590995,0.009639209906156522,0.0210976262493229,0.06506721225742755,0.0056447608238617275,0.019501907315183507,0.006434300227176222,0.48278242959498224,0.06332549597243062,0.055640237115335556,0.04614706522055373,0.025410349394478053
71,0.03855435055905719,0.031899687166175646,0.2867687349879548,0.14657833679655324,0.01166194086749744,0.005054899155571592,0.015507883318860004,0.022948170201336236,0.03079933201405268,0.03404603910233499,0.12116924389911743,0.08667788151432301,0.004385559063408122,0.02822727346360151,0.004732434942781692,0.014188765490376593,0.012300042753140795,0.008422646391605264,0.08797508393365566,0.008101694378596114
72,0.08375166703586115,0.013881857209963743,0.026664683304903358,0.02204525837960681,0.016859256238882788,0.05293600465957362,0.07965056375852571,0.00856088790569245,0.05724699281577529,0.006408573932716091,0.02376026861061282,0.03145697716148651,0.007290871473070675,0.03245358275449519,0.006333866878020025,0.45689085836292326,0.020059880016602295,0.0066125710487177514,0.02665114865989779,0.020484229792672604
73,0.019028427440053293,0.011875726570403485,0.06437878916539212,0.04383872527938727,0.0547344631818004,0.013813587183187096,0.0146707066954531,0.022811690197189545,0.1749970143466299,0.00836372336554648,0.12809880112239172,0.01978693905639119,0.002468299388533871,0.017046762079922766,0.21891636198414804,0.0289693956805972,0.010090929926906597,0.013405570688756443,0.09914923086355433,0.03355485578375501
74,0.021915336743813536,0.4227820011009076,0.03481401207363745,0.057612913262547895,0.031674743216536835,0.012239904380530062,0.012310088713673525,0.04512048314250131,0.03645848971472695,0.007835552440626486,0.0871779129001516,0.03910902407877602,0.00735334745709802,0.026123530259876387,0.006942786060784659,0.009478816716432133,0.013278315204317107,0.014514174634044502,0.09414915183548037,0.01910941606353743
75,0.007425000099553493,0.04741882754511024,0.0658487219359464,0.03810615069928765,0.023823598633045777,0.011236818772880205,0.01184223008628879,0.009603100195535032,0.016664924778828527,0.03139667221953592,0.07516279952683477,0.023546122633269235,0.4497452594818713,0.007867799789301386,0.007470112407701501,0.02530192246117202,0.006286107316831759,0.034998744593460834,0.0522937566589289,0.05396133016461614
76,0.10934773828244855,0.1098356363073727,0.056413576296923854,0.02894557992190283,0.01882509531005915,0.01237025881284006,0.009557425372495248,0.006207855064248272,0.005806271677132805,0.0040882659094761175,0.026021954615854874,0.00872231096887422,0.003340949741565859,0.01843930218963359,0.005502574156426748,0.15415269649019475,0.28840579080957734,0.03454649870647701,0.08726758898013756,0.012202630386358423
77,0.04398696069948492,0.02396252761245424,0.013852739276877751,0.06161208432206137,0.03982816835393192,0.01911895285705912,0.007068148880957479,0.03399887049489623,0.015916141278491572,0.0035637894847596998,0.08323528404037024,0.03734465073418873,0.0017937916951198314,0.4918501460911388,0.002964304811178655,0.010985501936847414,0.007023279692609322,0.01885064307162051,0.06342674248294547,0.019617272183006792
78,0.004993337334044167,0.02016207048342393,0.024794909868851543,0.021694222690498942,0.020371885633756217,0.6430346800425265,0.013326207030793838,0.009755052435960528,0.020805231328071057,0.00666054975656008,0.035637813723411016,0.014623413247164688,0.0061657768733601485,0.01948686057675475,0.006019491594565344,0.011910540298273164,0.007881980465529756,0.008998764658719998,0.06536569105142234,0.03831152090631189
79,0.11117703827953032,0.06980913331916207,0.14408206750804614,0.1413458723914082,0.031791224503553046,0.006196796803585864,0.020491464857532737,0.08314683056307554,0.007276769750324155,0.010397890791094894,0.14117697962866754,0.02867367555347878,0.017861040125332676,0.01373710120924045,0.011830599000804012,0.00974611860769771,0.02022809096062011,0.011619802284077602,0.09922505112719995,0.020186452735568218
80,0.1253596267351663,0.017627669507356804,0.03799520955985697,0.03301632647163978,0.06307447573115256,0.1515384761608402,0.019731141347740545,0.07535545109757465,0.07404084362472899,0.013357396224946009,0.08435994144987709,0.05519802116913064,0.025000405231446386,0.02603192570578931,0.009253402931471373,0.0052255113138759725,0.02275627115102142,0.007839232596803691,0.08162235043828721,0.07161632155129409
81,0.020743022207683703,0.006461108522849148,0.04064719254871929,0.032122497822674276,0.15893367714990664,0.03672086648698546,0.10152929713800755,0.03768504005781133,0.015282139099688442,0.11674675169602763,0.061746356497074405,0.026168179678851534,0.0076964846644018035,0.017841589206950607,0.008835730441643607,0.0171193168143808,0.09726226580638485,0.02234069583556242,0.015133693198426407,0.15898409512597
82,0.006767536756644077,0.033806998442569874,0.07934163785788222,0.029088578227842794,0.0122041854432158,0.01111241201075601,0.04567433698077319,0.27858495605382977,0.02460425422179697,0.3028340726659355,0.08646749435673066,0.013062085855657657,0.0028651019236625836,0.010211941109565253,0.0028663928075649474,0.011351551114032596,0.008266699956658612,0.008064993008783187,0.021595687995084274,0.011229083211013974
83,0.121100594896747,0.004131005616710236,0.1320322270666942,0.2055958459716834,0.010537443920476177,0.13049594205947646,0.010843484815476015,0.024089867986316897,0.005765970578624107,0.029257409886044333,0.05656336312184862,0.027209099802804886,0.042774205646878546,0.04493200275682888,0.002842903387640029,0.02472266596441326,0.03706128685387114,0.03213486842996924,0.025877560952117018,0.03203225028537961
84,0.06417881795770242,0.07755659593922344,0.007369793567280071,0.0026616643105797583,0.01659044574704236,0.03145346514739438,0.051225851769723066,0.02132405072770838,0.14460478331786364,0.008168473030326143,0.04296051663213432,0.04239844313514814,0.03372899178088051,0.05366484033451624,0.11913179406498611,0.03496277006739947,0.14922165144905433,0.07289291658996382,0.011964520120234311,0.013939614310839116
85,0.008027102966924488,0.038917535547790275,0.009745801353940108,0.011382155372767227,0.005480143914575212,0.008537727224440008,0.01521031014596425,0.31471394468040514,0.00495840292206579,0.016594338756583706,0.2393212463801242,0.009387407713241685,0.0011009489645339547,0.15985484963978092,0.006486286099771419,0.01716345051835705,0.005617144169360405,0.09939039148947117,0.020155548029919743,0.007955264109983328
86,0.34654732363393054,0.005867752674008062,0.015298259895628922,0.024339531244172437,0.004034756540628972,0.04436538746348269,0.005969333176999534,0.07719221798117712,0.005286241881471903,0.036076234075951494,0.011295166419344397,0.0065571874258788685,0.033231966306244046,0.12232173592474208,0.12835178616739912,0.08219746208578557,0.024483020733306292,0.00764819056886987,0.008923609437834839,0.010012836363143315
87,0.006858132282750268,0.015946598770076825,0.2420429782745778,0.11127448251638938,0.03278147237558246,0.03218781641793923,0.03324170752791983,0.014413377568214503,0.018053102759562144,0.004850479997527753,0.11796265805450154,0.10225316161551481,0.0017029381016430037,0.043156803346638344,0.007417609280753888,0.14139969488490717,0.00774889848241492,0.005027336982021302,0.04081733554598168,0.020863415215083135
88,0.022576588218496094,0.015489008917581759,0.007372782834706113,0.03970615784238375,0.008285964703641843,0.00546978938214559,0.014816628121732175,0.06502199153030666,0.14883235271601675,0.018594737550469996,0.038362380514943464,0.14089666263805886,0.06200248278918902,0.04616721731645751,0.036142205720229734,0.07849241613666363,0.06944635368313232,0.08359567511839114,0.04215043687083213,0.056578167394621494
89,0.13028394275333116,0.08334265383485351,0.07240008272208706,0.08675567042036489,0.041294048731471314,0.008227075549645078,0.022860953769462383,0.006459996779319051,0.01677626199678765,0.029309158356682363,0.07861399531498979,0.04598506950241982,0.0038253509801976096,0.16911790933451576,0.011631281658535731,0.012138260680844493,0.014150916451511453,0.015426186186022154,0.11347396496416692,0.03792722001279182
90,0.02172249629614727,0.02123566840350352,0.03200137968124569,0.02775498202046206,0.024147422500775218,0.01808826043915102,0.02066949476360435,0.05207526958224261,0.027114898683359208,0.021652791871832316,0.22914942133645208,0.0472560325520001,0.00858896232210308,0.01964501372349684,0.02191894754497466,0.02061088390566359,0.01540831028984226,0.027191997596772554,0.0832563867811383,0.2605113797052333
91,0.09567375596657404,0.04330988520806162,0.011064068589307453,0.011389291311266064,0.09002515989140836,0.0050294644366707586,0.01948949188364119,0.2358483681221238,0.04141249013849774,0.07335249005419592,0.030205598681081934,0.03159380347955887,0.010826132488702667,0.009283818112302684,0.0031315974557519334,0.00959979574995168,0.03936378020210547,0.17411901747172467,0.050272955885800205,0.01500903487127303
92,0.0104701009562798,0.321183098693745,0.03491168449885303,0.07069646740773926,0.03139660673815462,0.007449283677080865,0.023217632331771574,0.05265441747849893,0.04497562934973349,0.007595960009221872,0.11714719967743537,0.025285157776981815,0.005123406276637399,0.07404558973395704,0.02034636336756325,0.010556224702918986,0.008351707840344707,0.016191244500918606,0.08140291549919047,0.036999309482973905
93,0.028791914664606427,0.03097836785480666,0.03526443148967504,0.03712808534001037,0.030605823960833695,0.05667751907402609,0.02012198698376315,0.009297187017779011,0.2738081939824667,0.0045748139928274865,0.11232004163182405,0.012594680141425249,0.00191007574917333,0.09675512884053653,0.010045887590227842,0.01899832685273307,0.02022408007489658,0.00861222863964661,0.1630862779220176,0.028204948196724478
94,0.06524778056278357,0.039386959201612164,0.04834375337208128,0.06683906446852443,0.03389366555913649,0.04621591338765531,0.03391342688244725,0.011802539013758764,0.04485775977258167,0.02102774225339789,0.03469470559402533,0.033925275997218104,0.006856471704083875,0.02189922003838613,0.15841009339880235,0.1300497303561139,0.0385348297022719,0.04620414111852605,0.07570002880761363,0.04219689880897994
95,0.1681827186590163,0.04009750306924448,0.01744399682552772,0.019782582294474986,0.009696279523790624,0.007682884101682436,0.015326357241463737,0.00484893775475558,0.024550896238820084,0.01207004097638015,0.2924646393203026,0.07521612530492112,0.0016807707236142562,0.03921508227090694,0.02497479182147832,0.04533410269141483,0.15356666458631543,0.010970893639549378,0.016631080687984953,0.02026365226835618
96,0.0068855066771481704,0.012884993664817046,0.018089822442278733,0.02427861811163767,0.10690271936574847,0.0071971563851615985,0.013704691592257989,0.014571259900464734,0.014024952390912688,0.2577275169269541,0.06662745185198053,0.013895890820182773,0.005870242557894747,0.010859516189625235,0.004911808162919593,0.0032458057084028733,0.00649930512768577,0.059399732859041064,0.04297505280988112,0.30944795645500517
